6.215451000000000167e-06
9.233409000000000012e-06
5.076216999999999615e-06
1.731731000000000090e-06
7.406520000000000070e-07
-2.904770999999999958e-06
-1.501139999999999997e-05
-1.132827999999999990e-05
-6.347988999999999947e-06
-6.693652000000000334e-06
-1.917568000000000035e-06
2.970549000000000059e-06
3.400932999999999766e-07
1.925721999999999805e-06
-8.691580999999999615e-06
-7.170795999999999911e-06
-1.707542000000000058e-06
-2.130554999999999797e-06
3.687558999999999993e-06
5.877890000000000232e-06
8.245582000000000229e-06
1.112301999999999977e-05
-6.052824999999999938e-07
9.200295999999999919e-07
3.541154000000000079e-06
-4.901712999999999735e-06
-7.045960999999999945e-06
-3.506153999999999991e-06
9.758010000000000701e-07
-2.277984999999999841e-06
1.930380000000000058e-06
4.850488000000000069e-06
-8.267159000000000581e-06
-9.634372999999999922e-06
-1.348428999999999995e-05
-8.937497000000000532e-06
1.236354999999999956e-06
-7.348158999999999724e-06
-6.923081999999999762e-06
7.699117999999999763e-06
-1.719193000000000008e-06
-1.498643000000000061e-06
2.270410000000000172e-06
-2.174443999999999827e-06
-1.667524999999999971e-06
1.116558999999999960e-05
-5.148498000000000287e-06
1.575274999999999923e-06
-7.051831000000000407e-07
1.671918999999999925e-06
-6.747126999999999851e-06
-5.614744000000000160e-06
-4.742010000000000360e-06
-6.944853999999999568e-07
6.380351000000000273e-07
4.895077999999999756e-06
-5.700635000000000012e-07
-2.245157999999999808e-06
-3.136497999999999900e-06
-6.082827000000000130e-06
-1.638243999999999989e-06
-8.973076999999999266e-06
-6.946900000000000353e-07
8.418144999999999681e-06
7.539909000000000048e-06
-1.905848000000000087e-06
-4.839123000000000391e-06
-4.839190999999999859e-08
-3.449367999999999921e-06
5.459966999999999964e-06
8.901986999999999918e-06
5.252629999999999886e-06
7.458114999999999997e-06
-2.471085999999999976e-06
3.517786999999999867e-06
6.057639000000000262e-06
7.676623999999999509e-07
1.052201000000000092e-06
1.446492000000000033e-06
9.137605000000000751e-06
1.472117999999999921e-06
2.487858000000000042e-06
-3.489259999999999839e-07
-6.114415999999999871e-06
-1.965560999999999848e-06
-5.625308999999999778e-06
-9.905692999999999893e-06
-6.692311999999999767e-06
-4.893754999999999870e-06
9.648584000000000658e-06
-2.292442000000000167e-06
8.551724999999999637e-07
-3.681317999999999877e-06
-4.884879999999999892e-06
-4.096709999999999948e-06
-8.542362000000000799e-06
-2.411562999999999953e-06
1.636583999999999906e-06
-3.250123999999999835e-06
7.809617999999999806e-06
9.960425999999999831e-06
-2.251957999999999895e-06
3.840551999999999647e-06
5.514478000000000127e-06
4.352334000000000332e-06
-1.421725999999999955e-06
2.023218999999999848e-06
2.212759000000000154e-06
6.850517999999999814e-09
-9.287695000000000105e-07
3.434301999999999831e-07
3.813278000000000008e-07
-9.684391000000000364e-06
-6.882283999999999716e-06
-1.672956000000000028e-08
-5.635026999999999945e-06
-6.922278999999999831e-06
-3.271644999999999912e-06
-6.874013000000000317e-06
-3.549330000000000033e-06
-2.490029000000000042e-06
4.666769000000000249e-07
-4.604315999999999815e-07
8.453738000000000680e-06
1.103856000000000024e-05
4.578342999999999984e-06
4.756019000000000178e-06
7.245982999999999908e-06
-2.053556000000000075e-07
2.939302000000000018e-06
4.475290000000000312e-06
2.623506999999999935e-06
2.347858999999999928e-06
4.375845999999999676e-06
-3.124163999999999943e-06
2.762229999999999979e-07
-2.898004000000000147e-06
-2.265951000000000118e-06
3.254870999999999791e-06
-2.181611000000000092e-06
-9.345144000000000053e-06
-5.983302999999999827e-06
-2.120752999999999853e-06
-9.907210999999999867e-07
1.914037000000000081e-07
2.818783000000000181e-06
-6.885483999999999957e-06
-2.937076999999999798e-06
6.518036000000000252e-06
1.285213999999999957e-05
1.110320999999999927e-06
9.279408999999999233e-06
9.229424000000000761e-06
-3.991163999999999858e-06
-1.975764000000000062e-06
1.379926999999999977e-05
1.232390999999999972e-05
5.361450000000000142e-06
1.172951999999999980e-05
6.895496000000000192e-06
-2.258047999999999865e-06
-5.899707999999999825e-06
1.303757999999999914e-07
-8.689165000000000688e-06
-7.636104000000000573e-06
3.787887999999999858e-06
-2.043297999999999931e-06
-6.326483999999999888e-06
-3.929858000000000381e-06
-1.547181000000000053e-05
-4.364090999999999820e-06
-4.639466999999999943e-06
-5.814919999999999715e-06
-3.429665999999999868e-06
1.690010000000000104e-05
1.110484000000000022e-05
6.245697999999999709e-06
9.460451000000000438e-07
2.607748000000000092e-06
6.594013999999999849e-06
2.663929000000000190e-06
2.461484999999999863e-06
-5.467156000000000413e-06
2.488122999999999945e-06
6.637213999999999706e-06
-1.189855000000000062e-06
6.190561000000000266e-07
-5.135947999999999874e-06
-7.472802999999999712e-06
3.736505999999999882e-06
2.559745999999999818e-06
-7.014047000000000338e-06
-4.203585999999999906e-06
8.019510000000000744e-06
3.328115000000000152e-06
5.818971999999999757e-06
-8.157512999999999971e-06
-1.838945000000000060e-06
1.458907999999999924e-06
6.315410000000000407e-06
5.000799000000000230e-06
2.511598000000000174e-06
3.110629000000000080e-06
3.111512999999999918e-06
4.280064999999999885e-07
3.586062999999999889e-06
4.612669000000000102e-06
-4.928901999999999993e-06
-4.578043000000000173e-06
3.108810000000000056e-06
1.570036999999999966e-06
-4.991301000000000207e-06
-4.073438999999999845e-06
-5.931477999999999692e-06
-1.681064000000000072e-05
-7.606714999999999726e-06
1.346294999999999999e-06
-6.222866999999999894e-06
2.110878999999999985e-07
-2.117626000000000145e-06
6.527920999999999735e-06
1.684754999999999974e-06
-1.605700999999999960e-06
2.034080999999999829e-06
-4.446198999999999644e-06
3.527072000000000152e-06
3.974236000000000145e-06
4.504764999999999720e-06
1.507819000000000005e-05
1.592339000000000002e-05
2.864216000000000056e-06
-1.750863999999999895e-06
-3.932112000000000343e-06
6.080905000000000015e-06
8.091395999999999195e-06
4.493886999999999720e-06
3.444692000000000019e-06
-6.749546000000000344e-06
-1.011097000000000071e-06
2.676723000000000139e-06
3.905303000000000410e-06
-1.964701999999999960e-07
1.853606999999999904e-06
-2.048488000000000046e-06
-5.486166999999999815e-06
-5.253923000000000214e-06
-2.264742999999999807e-06
-5.019675999999999744e-06
3.288679999999999826e-06
4.176740000000000116e-07
2.527752000000000121e-06
-3.285330999999999920e-06
-7.319247000000000398e-06
3.340203999999999911e-06
3.408309999999999899e-06
1.148678999999999916e-05
9.217694000000000113e-06
-4.551828000000000120e-06
-3.100496999999999920e-06
-1.061064999999999979e-07
6.916961999999999598e-07
7.557005000000000163e-06
-1.530100999999999998e-06
-6.479890999999999959e-06
2.814589000000000031e-06
-3.542888999999999902e-06
-7.546223999999999665e-06
-3.215366000000000074e-06
1.195198999999999981e-06
-2.616575999999999832e-06
-4.212494000000000160e-06
-3.956047000000000140e-06
-7.484161000000000256e-06
-9.758242000000000752e-06
-1.137076000000000021e-05
-1.781383999999999985e-06
-4.332573000000000133e-06
-1.181833000000000040e-05
-9.771537000000000766e-06
9.467322000000000156e-06
1.392348000000000006e-05
1.240209000000000038e-05
3.784435999999999862e-06
5.643854000000000293e-06
-9.166621000000000407e-06
-5.543468000000000336e-06
8.235284000000000357e-07
-2.799284000000000014e-06
-5.285981999999999800e-06
-3.910553000000000064e-06
-2.705289000000000078e-06
-3.479851000000000049e-06
-1.281133999999999989e-05
-7.472020999999999725e-06
3.598662000000000173e-06
1.807531000000000067e-06
-6.896207000000000125e-06
-7.201217999999999838e-07
3.581895999999999849e-06
4.496858000000000098e-07
-1.031994999999999934e-05
-7.107547000000000375e-06
4.794574999999999746e-06
7.948403999999999260e-06
-2.946331000000000074e-07
-5.634494000000000267e-06
-4.187197000000000036e-07
-2.644294000000000080e-06
7.230493999999999471e-07
5.528157000000000153e-07
1.230500999999999935e-06
5.165356999999999578e-06
-7.185526000000000361e-06
3.948648999999999639e-06
-1.331820999999999967e-05
-2.371571000000000134e-05
-1.088622000000000019e-06
-5.712094999999999772e-07
-2.085542000000000081e-06
-4.375615999999999680e-06
-1.147659000000000052e-05
-7.846778000000000650e-06
3.455889999999999958e-06
-2.031966999999999920e-06
-8.893512999999999574e-07
6.457266999999999716e-06
4.084532999999999879e-06
1.263917999999999949e-06
8.881087999999999223e-06
3.224107999999999981e-06
2.521745999999999928e-06
6.383035999999999850e-06
2.367813000000000160e-06
7.575814999999999734e-07
8.292621999999999358e-06
-1.066017000000000089e-06
5.779981000000000252e-06
1.254953000000000028e-06
-1.069927000000000022e-06
3.243964000000000050e-06
1.207101000000000083e-06
2.514696999999999956e-06
-7.773336000000000752e-06
-5.396743999999999875e-06
-6.608108999999999923e-06
-4.805254999999999786e-06
-1.783435999999999837e-08
-4.938051000000000335e-06
-4.419184000000000378e-06
7.310793000000000394e-06
5.089989000000000302e-06
-1.430601999999999961e-06
-1.159110999999999929e-06
-1.208457000000000033e-06
-2.030828000000000032e-06
3.952265000000000351e-06
-1.693211000000000033e-06
2.415465000000000090e-06
1.164410999999999989e-05
6.024624999999999937e-06
1.102537999999999980e-05
4.270512999999999748e-06
4.508769000000000131e-06
-3.899081999999999577e-06
3.293244999999999841e-06
-2.162297000000000162e-06
-1.231184999999999970e-05
-1.495971000000000080e-05
-4.898098000000000110e-06
-4.385906999999999782e-06
-3.292273000000000115e-06
-1.702481999999999932e-06
-3.987987999999999857e-07
-3.989039999999999673e-06
1.848397999999999900e-06
1.253207999999999928e-06
-1.401034000000000103e-06
-6.942875999999999813e-07
-1.209415000000000007e-06
-1.227680000000000045e-07
6.589910000000000066e-06
4.727311999999999946e-06
2.959917999999999890e-06
6.792531999999999800e-06
6.294931000000000293e-06
7.734665999999999308e-06
5.549481999999999903e-06
-1.524873000000000105e-06
1.556243999999999969e-06
-1.677760000000000010e-06
1.199165999999999964e-05
3.476003999999999949e-06
-3.337975000000000004e-06
1.373733000000000015e-05
6.285946999999999635e-06
-1.851851999999999952e-06
7.239034000000000155e-07
6.702726999999999533e-08
-1.254100000000000071e-05
1.831169999999999952e-06
2.125112999999999926e-05
1.005008999999999986e-05
-4.243327000000000208e-06
-7.227407999999999836e-06
-7.616141999999999696e-06
-4.762841000000000026e-06
2.830526000000000130e-06
4.860793000000000134e-06
1.054612999999999969e-06
6.157667000000000077e-06
3.155631999999999944e-06
-4.051664999999999772e-07
1.188320000000000016e-07
-3.912023999999999799e-07
-3.854554000000000331e-06
1.877600000000000084e-07
5.469271000000000138e-06
-2.441016999999999841e-06
-5.690229999999999728e-06
-3.911474999999999680e-06
-3.232886000000000035e-06
-7.138500999999999740e-06
-1.676529999999999939e-06
-2.216432999999999926e-06
-3.795407000000000099e-06
-2.434174999999999865e-06
-8.984082000000000019e-06
-7.737848000000000322e-06
-1.188460000000000095e-06
-2.781007999999999937e-06
-4.049288000000000015e-06
2.132821000000000090e-06
1.325472000000000004e-05
5.311746000000000321e-06
3.370146999999999956e-06
4.000328999999999795e-06
-8.731040999999999997e-07
-1.582368000000000051e-06
-3.692807999999999830e-06
-2.257456999999999857e-06
-5.942277000000000264e-06
9.484855000000000264e-07
-2.519694999999999852e-06
-2.919645000000000148e-06
-4.024537999999999956e-06
-5.758133999999999646e-06
-8.056081999999999756e-06
1.457011999999999934e-05
7.726836999999999828e-06
2.816699000000000147e-07
4.206814000000000072e-06
5.108908999999999945e-06
-1.852885000000000091e-06
6.486737999999999861e-06
2.580224999999999932e-06
-7.520500000000000248e-06
-4.666547000000000368e-06
3.189038999999999894e-06
4.361053000000000240e-06
4.829271999999999729e-06
5.628540000000000087e-09
-3.491241000000000206e-06
-1.067344999999999900e-06
-6.106580999999999801e-06
-1.120001999999999920e-06
3.995695999999999597e-06
9.091296999999999593e-07
-1.354005000000000007e-06
-3.295215000000000010e-06
-1.512481000000000029e-05
-8.371942000000000150e-06
2.912428000000000197e-06
4.530709000000000128e-06
-6.449990000000000438e-07
-6.264964000000000221e-07
-6.262569000000000179e-06
-8.604730999999999973e-07
-5.282914999999999631e-07
3.029927999999999919e-06
-1.457118999999999960e-08
5.858140000000000124e-06
-3.329705000000000102e-07
2.617954999999999992e-06
1.153197000000000031e-05
1.141453999999999998e-05
1.064919999999999962e-05
5.502192999999999617e-06
9.276876000000000252e-06
7.757148000000000290e-06
1.296006000000000039e-05
1.141205000000000028e-05
1.971298000000000027e-06
-2.330578999999999815e-06
1.153142999999999981e-05
1.192769999999999932e-05
7.111970999999999674e-06
3.259554999999999914e-06
5.106005000000000252e-06
1.547224000000000011e-06
1.009979000000000042e-05
1.068166000000000032e-05
4.350422000000000070e-06
3.107402999999999969e-06
7.294199000000000159e-06
-5.131108000000000103e-06
-2.076129000000000075e-06
-4.926577999999999793e-07
1.059084999999999957e-06
4.016952999999999587e-06
8.589264000000000778e-06
1.047362999999999953e-06
-1.377953999999999979e-06
1.794911000000000051e-06
2.742431000000000001e-06
5.051987999999999749e-06
1.528371000000000143e-05
-1.477182999999999973e-06
-1.383064999999999945e-05
-1.643044000000000053e-05
-1.174622000000000085e-05
-1.294760000000000035e-06
-5.101546000000000199e-06
-6.972484000000000140e-06
-8.836916999999999879e-06
-1.115803999999999998e-05
-9.070411000000000527e-06
-5.562792000000000119e-06
-7.203559000000000295e-06
-1.381090999999999920e-05
-1.729617999999999997e-06
2.307634000000000082e-07
7.768894999999999502e-07
-1.269009000000000084e-06
-1.055494000000000062e-05
-6.067739999999999778e-06
-1.209602999999999945e-05
-2.285297999999999901e-06
7.425649999999999792e-06
1.919748999999999973e-05
6.108664000000000337e-06
3.874993999999999580e-06
4.063848999999999824e-06
-5.439475000000000127e-06
3.554598000000000183e-06
-3.290314999999999854e-06
-3.902036000000000226e-06
-1.518653999999999961e-06
-2.394164000000000156e-06
-3.375217000000000146e-06
-6.698430999999999903e-06
-8.067996000000000401e-06
-6.596062999999999869e-06
-9.006881999999999191e-06
-3.602979000000000118e-06
-6.236978000000000410e-06
-6.859951999999999910e-06
-7.279330000000000319e-06
-7.679731999999999539e-06
-2.694275000000000136e-06
8.174156999999999468e-06
6.940792000000000309e-06
8.295835000000000381e-07
-1.890436000000000081e-06
-1.858018999999999930e-06
5.489938000000000359e-06
7.090487000000000406e-06
9.015862999999999978e-06
5.019126999999999625e-06
1.619964000000000013e-06
-5.581404000000000154e-07
1.925874999999999899e-07
-4.955037000000000379e-06
-3.491278999999999985e-06
2.892421999999999799e-06
5.158039999999999831e-06
4.783932000000000092e-06
-7.750784999999999348e-06
-2.205837000000000087e-07
3.036472000000000139e-06
-9.359913999999999913e-06
-6.278284000000000078e-06
-4.951400999999999962e-06
-1.176777000000000067e-05
-6.961748999999999641e-06
-2.658675999999999818e-06
-2.085505000000000118e-06
-3.774675999999999806e-06
5.271740000000000115e-06
1.335767000000000026e-07
6.788329000000000037e-06
4.329735000000000144e-06
-1.142322000000000030e-06
5.590328999999999818e-06
2.529212000000000188e-06
-6.017249999999999860e-06
3.971467999999999971e-06
1.145417999999999983e-05
-1.766346999999999902e-07
4.559371999999999992e-06
3.545933999999999888e-06
-5.315965999999999918e-06
-3.893430999999999654e-06
1.484891999999999953e-06
-2.577508000000000107e-06
2.484542999999999803e-06
-4.169879999999999961e-06
2.471511999999999877e-06
-4.562913999999999932e-06
-5.447576999999999732e-06
-5.426096999999999728e-06
5.940643000000000476e-07
4.497626999999999620e-06
2.031016999999999955e-06
3.643205000000000044e-06
2.944028000000000030e-06
-6.409697000000000515e-08
-3.579944000000000177e-06
4.988735000000000103e-06
1.277664000000000004e-05
2.139005999999999930e-06
-4.151099999999999948e-06
-4.723889999999999930e-06
-3.937070999999999799e-06
-1.146567999999999921e-06
2.988227000000000147e-06
6.416384999999999893e-06
-1.320397000000000015e-06
-5.553500000000000277e-06
4.034408000000000083e-06
5.936002000000000058e-06
-3.125125000000000000e-06
-4.476758000000000176e-06
-6.602157000000000374e-07
2.683786999999999890e-06
-4.486564999999999623e-06
-8.386082999999999377e-06
3.518430000000000040e-06
8.863280999999999598e-07
-1.500143999999999990e-06
1.157847000000000063e-05
1.073419000000000064e-05
7.957025000000000274e-07
1.057140000000000055e-06
9.974345999999999522e-06
-1.211987000000000065e-06
-1.224057999999999962e-06
4.521446999999999843e-06
9.842628999999999322e-07
-6.485026000000000038e-06
-3.235146000000000162e-06
8.504201000000000064e-06
6.156443000000000172e-06
3.922397000000000047e-06
5.299279000000000293e-06
-4.648135000000000348e-06
-5.253510999999999853e-06
-5.998377999999999848e-06
-5.181112999999999974e-06
-1.140953999999999918e-05
-1.229150999999999940e-06
1.119301000000000009e-05
1.122755000000000061e-05
4.768263999999999584e-06
-5.218378000000000328e-07
-5.481059000000000270e-06
-7.596678000000000283e-06
5.321025000000000228e-07
4.170504000000000245e-06
8.302040000000000561e-06
-2.670300000000000082e-06
1.152980999999999998e-05
5.170855000000000148e-06
-2.829250999999999875e-06
-8.734161000000000146e-06
-2.488224999999999796e-06
-3.705573000000000037e-06
-2.264916000000000136e-06
-5.291348000000000114e-06
-8.954315999999999989e-07
-4.918036999999999717e-06
-8.770492999999999310e-06
-6.826297999999999707e-06
-1.016956000000000060e-05
-5.477010000000000099e-06
-3.334786999999999883e-07
-3.542249999999999839e-07
3.166914000000000084e-07
-4.613770999999999605e-06
-1.152435999999999989e-05
8.263953999999999991e-06
3.357610999999999929e-06
-2.873576000000000082e-06
-5.624907000000000116e-06
-8.457420000000000037e-07
4.023464000000000379e-06
1.139624000000000094e-06
-6.943576000000000077e-06
-7.207767999999999800e-06
-8.496941000000000408e-06
-2.206531000000000186e-06
-2.605076000000000027e-06
2.782606999999999818e-06
-9.373794000000000193e-06
-5.926703000000000234e-06
-4.073975999999999634e-06
-6.182301000000000323e-06
-1.039106000000000009e-05
-1.439216999999999963e-06
-3.071837000000000033e-07
-6.041612999999999613e-06
-7.772656000000000617e-06
-4.174876999999999830e-07
2.898149000000000126e-07
-3.926081000000000095e-06
-7.627510000000000092e-06
-7.924422000000000071e-06
-6.879453999999999948e-06
-2.359605999999999986e-06
-2.608065000000000160e-06
2.592779000000000032e-06
9.316092000000000250e-07
8.185140000000000461e-07
7.764310999999999598e-06
6.036265999999999611e-06
7.102895000000000288e-07
-2.261782999999999839e-06
2.383834999999999852e-06
-3.250412000000000161e-06
-4.943404000000000079e-06
4.492152999999999713e-06
3.708148000000000178e-06
-1.262663000000000035e-06
5.911611000000000379e-06
8.067269000000000027e-06
4.757127000000000270e-06
-1.792621999999999970e-06
-7.077293000000000004e-06
2.307945000000000143e-06
9.456330999999999366e-06
1.475416000000000071e-05
7.613384000000000221e-06
5.540913000000000324e-06
7.242503999999999801e-06
1.248947999999999989e-05
8.224383000000000569e-06
7.737544999999999794e-06
5.120004999999999610e-06
4.658312999999999660e-06
1.287240999999999963e-05
5.737893999999999989e-06
-6.773159000000000359e-07
-2.230406000000000021e-06
5.993575999999999644e-07
6.580354999999999951e-06
3.789117999999999930e-06
7.866517999999999846e-07
-2.615287000000000038e-06
3.819422000000000411e-06
-1.547832000000000066e-06
5.748614999999999678e-06
4.222777000000000041e-06
7.117805000000000201e-06
3.069232000000000123e-07
-5.699040999999999634e-06
-2.035016000000000016e-06
-7.353421000000000132e-07
-8.117357000000000071e-07
7.713573000000000457e-07
2.023013000000000090e-07
8.778141999999999751e-06
1.133267000000000038e-05
9.116769999999999916e-07
4.884465999999999899e-06
-6.565487999999999743e-06
-1.159331000000000031e-05
-3.177481000000000181e-06
8.205590000000000832e-06
3.557478999999999876e-06
-4.676653000000000233e-06
-1.094889999999999947e-05
-7.243993999999999850e-06
1.458860999999999897e-06
7.813321000000000167e-07
6.783497999999999880e-06
-1.582829000000000071e-06
-6.243153999999999789e-06
1.852633999999999938e-06
4.880728999999999870e-06
5.683095000000000346e-06
2.075331000000000070e-06
-2.913528999999999884e-06
-2.795043000000000049e-06
-2.563955999999999987e-06
6.326175000000000464e-07
1.576498000000000013e-06
6.355807000000000183e-06
7.476507000000000312e-06
8.059435000000000196e-06
2.038449999999999939e-06
-1.995454000000000207e-06
2.684108999999999885e-07
-6.110207999999999758e-06
-5.973194000000000091e-06
-1.969791000000000145e-06
-1.230660999999999905e-06
-1.787769000000000052e-06
-6.101853999999999973e-06
-4.014843999999999922e-07
-6.249515999999999645e-06
-4.490089000000000019e-07
1.732472000000000004e-06
3.251942999999999859e-06
1.877548000000000078e-06
-2.409030000000000125e-06
-4.129865000000000142e-06
-7.208553999999999898e-06
-6.253422000000000527e-07
9.802915999999999369e-06
1.293918000000000001e-05
2.737125999999999889e-06
5.173124000000000312e-06
2.524535999999999863e-06
-6.644769999999999486e-07
-4.116382000000000020e-06
-1.610841999999999993e-07
-3.947547000000000137e-06
7.934386000000000464e-07
7.637630000000000344e-07
2.178974999999999962e-07
-8.819231999999999386e-06
-3.402189999999999947e-06
-8.816099000000000784e-06
-3.282506999999999894e-06
-2.848718000000000006e-06
-4.992993999999999717e-06
-1.202310000000000130e-07
6.258729000000000060e-06
8.577321000000000814e-06
-1.903288999999999964e-06
-4.758379000000000101e-07
2.836933000000000168e-06
-5.402322999999999928e-07
-4.850284000000000156e-07
1.188297000000000043e-06
3.103651999999999977e-07
1.095116000000000003e-05
6.027882999999999661e-06
2.887002000000000112e-06
-1.432579999999999928e-06
7.961452000000000503e-07
5.423236000000000375e-07
5.876782000000000140e-06
-2.202259999999999816e-06
-5.776832000000000360e-06
-1.880031000000000008e-06
2.495631000000000094e-06
4.365940999999999641e-06
-2.780152000000000025e-06
-5.719780000000000148e-07
3.813030999999999966e-06
2.129316000000000113e-06
2.625624000000000139e-06
4.215969999999999866e-07
-3.028057000000000153e-06
-3.602199000000000187e-06
-3.527698000000000068e-06
-4.885491999999999844e-06
1.534237000000000029e-06
5.563553000000000161e-06
1.232479999999999929e-05
-1.039111000000000020e-07
-8.921920999999999175e-06
-5.884508999999999770e-06
-2.706510000000000113e-06
-4.561967999999999654e-06
-5.764135000000000336e-06
-1.998948000000000093e-06
-1.145445000000000008e-05
-7.367045999999999938e-06
-1.335392999999999972e-05
-1.189434000000000003e-05
-2.623481000000000065e-06
7.860972999999999249e-06
-1.246280000000000035e-05
-3.398861999999999985e-06
-3.322143999999999867e-06
-1.875886999999999968e-06
7.123298000000000421e-06
-1.689163000000000102e-06
-4.901771000000000066e-06
-8.821701999999999381e-06
4.814931999999999668e-07
9.479880000000000790e-06
1.809256000000000038e-06
-3.233376000000000008e-06
2.900960999999999820e-06
4.280880000000000254e-06
4.718414000000000391e-06
1.200884999999999938e-05
8.317003000000000032e-06
-8.848913999999999215e-06
-1.245847000000000025e-06
-1.402787000000000000e-06
3.190696000000000105e-06
-2.063742999999999953e-06
4.447324000000000417e-06
6.676461000000000349e-06
6.210396999999999994e-06
1.053646000000000042e-05
3.921638999999999876e-06
-1.168403000000000068e-05
-1.154253999999999944e-05
-2.029096000000000080e-06
3.708560999999999932e-06
8.028725999999999336e-06
-3.009776999999999966e-06
-6.351544000000000458e-07
5.913101999999999819e-06
5.632024999999999664e-06
2.409368000000000138e-06
5.082115000000000215e-06
1.870491999999999912e-06
-1.690444999999999915e-06
6.464990999999999898e-07
2.152823000000000113e-07
-9.443768999999999680e-07
8.828470999999999248e-06
3.345827000000000225e-07
4.890258999999999929e-06
3.555477999999999910e-06
-1.219045000000000074e-06
-3.774332000000000051e-06
-6.526535000000000016e-06
1.750352999999999977e-06
2.107020999999999846e-06
-3.818708999999999999e-06
7.750376000000000129e-07
-5.805180999999999604e-06
-2.924806999999999913e-06
-2.256510000000000186e-06
-8.133348999999999782e-07
2.920471000000000079e-06
-4.752929000000000009e-06
-3.840024000000000319e-06
-4.489523000000000384e-06
-2.843541000000000038e-06
-5.681824999999999594e-06
2.572918999999999853e-06
2.576330000000000200e-06
1.114731999999999926e-06
5.255609999999999983e-06
-2.014769999999999982e-07
1.594495000000000012e-06
-2.580314999999999769e-07
-9.091535999999999414e-06
-8.801598999999999483e-06
-4.704145000000000173e-06
3.106966999999999792e-06
-8.535591000000000453e-06
9.735352000000000790e-07
-6.954509000000000325e-07
-4.302034000000000153e-06
-4.685666000000000210e-06
-5.644215999999999697e-06
-1.066021000000000072e-05
-1.789883999999999989e-06
-2.833123000000000030e-06
-5.420458000000000136e-06
-6.582511000000000173e-06
-2.502494999999999831e-06
-8.093705000000000463e-06
1.735045000000000089e-06
4.837273999999999962e-06
1.593721000000000034e-06
-3.403289000000000108e-07
5.758581000000000126e-07
2.097931999999999889e-06
2.392253999999999949e-06
9.134664000000000672e-06
-1.198783000000000022e-06
-3.369265000000000173e-06
-9.111791999999999513e-06
1.029860000000000038e-06
4.487701999999999880e-06
-1.873626000000000025e-06
9.890416999999999194e-06
9.179556000000000648e-06
6.500430000000000035e-06
1.323422000000000083e-05
6.296664000000000061e-06
2.545485000000000244e-07
9.966048999999999775e-08
6.876427999999999852e-06
1.954705000000000032e-06
6.896295000000000013e-06
2.026589000000000122e-06
5.891943000000000417e-06
1.129168999999999997e-05
5.340756999999999627e-06
2.708097000000000086e-06
6.732607999999999932e-06
1.208241999999999942e-05
6.992410000000000024e-06
1.698246999999999921e-06
9.025121000000000152e-06
9.669337999999999680e-06
2.068873999999999921e-06
2.458538000000000041e-06
4.664852999999999770e-06
-1.867589000000000035e-06
-2.092920999999999845e-06
5.148965999999999653e-06
5.677974000000000230e-06
-2.717202999999999876e-06
-8.826771999999999995e-06
-4.020183000000000232e-07
-3.436240999999999886e-06
6.665740000000000236e-07
1.172014999999999950e-06
1.284235000000000038e-06
4.752219999999999708e-06
-2.911785999999999839e-06
5.148507999999999981e-08
-1.462258000000000070e-06
-1.815415000000000007e-06
-1.039293999999999989e-06
9.001332999999999966e-06
1.038990000000000025e-05
-2.350691000000000174e-06
-3.620172000000000158e-07
3.986750000000000412e-06
9.204754999999999761e-07
-4.987151000000000212e-07
3.094627999999999909e-06
3.160891000000000057e-06
-3.525244000000000091e-06
-1.202688000000000029e-06
-9.129626000000000518e-07
-4.433364999999999862e-06
-5.417160000000000155e-06
-8.554786999999999244e-06
2.167189999999999913e-06
1.170484000000000041e-06
-4.167143999999999823e-06
3.684944000000000019e-06
2.805488000000000167e-06
-4.372646999999999675e-06
-2.124878000000000004e-06
-7.538831000000000361e-06
-5.123854000000000189e-06
-5.894141999999999920e-06
-1.155256999999999974e-05
-1.974915000000000132e-06
4.390315999999999726e-06
-4.771753000000000390e-06
2.004516999999999870e-06
9.229677000000000333e-07
-2.871259000000000075e-07
-9.031700999999999673e-06
-7.194697000000000040e-06
-6.874388999999999684e-06
1.835190999999999985e-06
6.883800000000000059e-06
-7.883614000000000173e-06
-3.211911000000000206e-06
-1.385584999999999923e-06
-8.364814999999999295e-06
-8.898399999999999371e-06
1.742415000000000029e-06
7.351753999999999645e-06
-5.339546999999999896e-07
3.212792999999999988e-06
3.250270000000000053e-06
2.163484999999999921e-06
2.262317999999999996e-06
1.647616999999999950e-06
9.303181000000000672e-06
5.367980999999999792e-06
-3.431619000000000204e-06
-8.500457999999999446e-06
-3.832869000000000385e-06
-9.486390000000000496e-06
-5.013270000000000368e-06
-8.228732000000000551e-06
3.486497999999999937e-06
-4.793459999999999673e-06
-2.518043999999999807e-06
-9.141118000000000526e-06
-1.415046000000000004e-07
-4.956612999999999837e-07
-8.676857000000000601e-06
3.946468000000000210e-06
5.160678000000000228e-06
-6.407140999999999681e-06
-1.310601999999999925e-05
-7.216554999999999891e-06
-1.215310999999999917e-06
5.623305000000000365e-06
1.188653999999999987e-05
7.954717999999999484e-06
2.529849000000000196e-07
-2.159646999999999857e-06
-5.161176000000000211e-07
5.008563000000000246e-06
2.734821000000000001e-06
2.288848000000000062e-06
-1.059736000000000013e-05
-3.696380000000000175e-06
-5.033157999999999626e-06
-1.046531000000000069e-06
-4.284963000000000092e-06
-3.476350999999999998e-06
-1.442883999999999965e-06
3.412886000000000111e-07
2.359256999999999882e-07
-2.362200000000000016e-06
-8.905853999999999724e-06
1.609473999999999924e-06
3.267534999999999963e-06
-4.510552000000000221e-07
6.127677999999999610e-06
7.461963999999999730e-06
-3.001918000000000080e-06
5.484960999999999983e-06
5.339405000000000423e-06
-3.481332999999999877e-06
3.402734999999999956e-06
-9.216954999999999830e-07
2.580721000000000071e-06
-9.696861999999999656e-06
-9.776768999999999499e-06
5.493374000000000126e-07
2.888331000000000163e-06
1.910710000000000041e-06
-1.243302000000000078e-06
-7.583068000000000256e-06
-1.906976000000000095e-06
6.195234000000000086e-06
2.773997000000000166e-06
1.719873999999999959e-06
1.387875000000000032e-06
-7.225140000000000335e-07
6.625568000000000106e-07
-1.742202000000000078e-06
-1.683669000000000066e-06
-2.655054000000000211e-06
-6.670778000000000390e-06
-7.777317000000000740e-06
3.940336000000000351e-06
1.046679999999999947e-05
4.216808999999999626e-06
1.493867999999999967e-06
-7.676935000000000047e-06
4.005395000000000298e-06
9.309459000000000749e-06
1.327831000000000027e-05
-5.430603000000000232e-07
4.523179999999999611e-06
-6.285624999999999641e-06
7.229803999999999906e-06
2.190221999999999983e-05
1.057029999999999941e-05
-3.638378999999999813e-06
-1.067508000000000080e-05
-1.010875999999999942e-05
-1.052661999999999985e-05
-2.943989000000000012e-06
7.576278999999999837e-06
1.073676999999999986e-05
-6.211710999999999632e-07
-1.068636999999999989e-06
5.409755999999999913e-07
-6.838235000000000352e-07
-2.638917000000000098e-06
-2.847206000000000197e-06
2.926586000000000104e-06
-3.959640999999999821e-06
3.167553999999999963e-06
1.578191000000000106e-07
-4.693816999999999685e-06
-5.112712999999999918e-06
-2.218964000000000122e-06
-6.602073000000000173e-06
-2.306124999999999880e-06
7.504728000000000257e-06
-1.235586999999999932e-06
-1.657521999999999984e-06
-8.393478999999999399e-06
-7.228239999999999932e-06
-6.582688000000000188e-06
-1.732365000000000015e-06
-9.734597000000000066e-06
3.784824999999999800e-06
1.733949999999999933e-06
1.045033000000000011e-06
-6.220835999999999947e-06
-5.695335000000000249e-06
-6.650640999999999976e-06
-1.976465999999999958e-06
1.555975999999999983e-06
2.348396999999999955e-06
-5.069281999999999825e-07
4.162061000000000333e-06
8.037969999999999547e-06
-4.214780000000000158e-06
5.399071999999999762e-06
-5.094056999999999939e-06
1.518534000000000037e-06
4.255328999999999895e-06
8.584871000000000217e-07
-6.144444000000000357e-06
-3.812136000000000037e-06
-1.006364000000000077e-05
-2.007607000000000038e-06
4.715335000000000315e-06
-3.132314999999999842e-06
-4.740822999999999993e-06
-5.734006000000000239e-06
-2.790335999999999927e-06
-3.284194000000000086e-06
1.908767999999999798e-06
6.599944999999999877e-07
-6.103685999999999721e-06
-1.420591999999999993e-06
5.740711000000000033e-06
4.340933999999999899e-06
3.149403000000000160e-07
-2.477079000000000022e-06
4.269101999999999974e-06
1.852793000000000092e-06
1.062880999999999963e-05
-6.995567000000000136e-06
-4.517139999999999750e-06
1.257432000000000059e-05
2.987075000000000111e-06
6.788291999999999651e-06
1.012509000000000084e-06
5.201686000000000353e-07
-2.810936000000000204e-06
-7.544029999999999665e-06
8.926667999999999555e-06
1.301893999999999939e-05
1.001710999999999963e-06
-1.348031000000000016e-08
5.464662999999999995e-06
1.139744000000000018e-06
1.834970000000000026e-06
6.625776000000000342e-06
4.349620999999999770e-06
6.400261999999999743e-06
1.111473999999999991e-05
9.358717000000000541e-06
1.438120000000000048e-05
1.359068999999999947e-05
1.499069000000000015e-07
5.943427000000000245e-06
4.609741999999999986e-06
9.577884999999999185e-06
5.162305000000000035e-06
3.169711999999999816e-06
8.170529000000000119e-06
4.933720999999999819e-06
3.240357999999999931e-07
1.020943999999999987e-06
-1.798495999999999907e-06
-7.867387999999999509e-07
-3.325795999999999879e-06
6.296788000000000520e-07
-5.855765000000000423e-07
-3.775638000000000103e-06
-1.924122000000000108e-06
4.041179999999999821e-06
-2.580006999999999844e-06
3.396274999999999937e-06
-1.770216000000000027e-06
-2.523555000000000100e-06
-2.133371000000000026e-06
-5.878862000000000381e-07
6.066775000000000034e-06
4.824239000000000348e-06
1.072119999999999994e-05
9.186345000000000220e-06
6.600198000000000296e-06
1.142397000000000062e-07
1.290954000000000007e-06
-8.897680000000000037e-07
-7.721127999999999574e-06
-3.641901999999999864e-06
8.950252999999999432e-06
2.637316000000000162e-06
-7.685012999999999836e-07
-6.414809999999999828e-06
-4.005939000000000068e-06
-4.589067999999999784e-06
-1.782010999999999929e-06
-2.056019000000000194e-06
-4.880699000000000312e-06
1.027674999999999969e-07
-3.258484000000000209e-06
-8.965322000000000346e-07
-1.403464999999999953e-05
-8.342886000000000449e-07
-1.460008000000000007e-06
9.678172000000000009e-07
5.985847999999999987e-06
7.143256000000000341e-06
5.615591999999999851e-06
5.391353000000000353e-06
-6.274803999999999732e-06
4.132004999999999921e-06
-2.417818999999999847e-06
-1.500900000000000106e-06
8.523839000000000257e-07
3.054643999999999887e-06
-1.753405999999999971e-06
-4.947846999999999690e-06
-4.732809000000000277e-06
6.149838999999999777e-07
-4.992803999999999979e-06
-3.058904999999999980e-06
-3.863896999999999676e-06
-1.604052999999999870e-05
-1.692603999999999965e-05
-1.957720999999999852e-06
-6.151411000000000183e-06
-4.284928000000000185e-06
8.549288999999999522e-06
4.348154000000000145e-06
4.035400000000000361e-06
9.014865999999999350e-06
1.361720000000000068e-05
1.432862000000000089e-06
9.450726000000000290e-06
8.533735000000000043e-06
-2.585969999999999908e-06
-8.439685000000000494e-06
2.341485999999999980e-06
7.198555999999999625e-07
-1.756686999999999907e-06
-5.986073999999999872e-06
-5.445300999999999587e-06
-3.622330000000000011e-06
2.159726999999999947e-06
5.607030000000000254e-06
4.346038000000000181e-06
3.032335999999999897e-06
-5.347953999999999873e-07
-3.947066000000000200e-06
-1.237641000000000091e-06
5.802572000000000219e-06
6.494345000000000414e-06
-6.293473999999999674e-06
-9.974766000000000104e-06
-9.199258999999999670e-06
-4.184178999999999737e-06
2.000680999999999861e-06
7.013375999999999816e-06
3.339932999999999842e-06
8.825887000000000765e-06
-3.988349999999999685e-06
-1.384888999999999981e-06
5.171320000000000278e-07
-6.741559000000000314e-06
-4.322289000000000012e-06
-7.570414000000000360e-06
-7.836748999999999733e-06
-1.019133000000000056e-05
-5.443824000000000109e-06
4.080995000000000049e-06
1.145030000000000030e-06
1.664294999999999962e-06
3.545174999999999900e-06
-1.658049999999999948e-06
-5.297085999999999685e-06
3.493673000000000105e-07
-1.439512000000000059e-06
-1.695392000000000098e-06
6.633604999999999823e-06
3.161121999999999869e-06
-5.888895000000000137e-07
1.662115999999999953e-06
4.993329000000000283e-06
1.415005999999999959e-06
-3.502035000000000005e-06
-2.699935000000000095e-06
3.373651999999999933e-06
4.475533000000000137e-07
-5.079689999999999980e-06
-3.452695000000000068e-06
-5.315733000000000051e-06
-1.044851000000000070e-05
-6.616286999999999932e-06
-1.453503000000000015e-06
9.165173000000000036e-07
-8.842303999999999290e-06
-3.387105000000000074e-06
-5.190362999999999928e-06
-2.543954999999999939e-06
2.410472999999999935e-06
1.533869000000000035e-06
-1.819177999999999907e-06
-2.504971999999999807e-06
-4.271694000000000372e-06
3.352817000000000157e-06
2.474570999999999825e-06
-1.132160000000000101e-06
-1.090685000000000002e-06
-3.601031000000000133e-06
4.339605999999999664e-06
9.257584999999999897e-06
6.387550999999999756e-06
8.182990999999999797e-06
-2.133654999999999818e-06
1.940563000000000143e-05
9.962218999999999561e-06
-3.274972999999999874e-06
-8.082326999999999367e-06
-1.315232000000000082e-05
-1.101856000000000043e-05
1.047035000000000005e-06
1.603942999999999925e-06
1.304378000000000088e-07
-3.967927000000000270e-06
-2.238800000000000063e-06
-3.874067999999999853e-06
9.576342999999999396e-06
-8.176642999999999905e-06
-8.373832999999999621e-06
-1.104942000000000101e-06
-6.569470000000000393e-07
-3.976968000000000172e-06
-4.026409999999999961e-06
1.519554000000000029e-06
-3.939731000000000380e-06
-3.412409000000000179e-06
2.553340000000000019e-06
-5.387144000000000001e-06
-1.258761999999999926e-05
-2.535673000000000130e-07
5.622527999999999881e-06
4.108718000000000224e-06
-3.656168000000000211e-06
-6.900670999999999681e-06
-3.009296999999999845e-06
1.315769999999999877e-07
2.713248999999999999e-06
4.276852000000000027e-06
-2.085723999999999917e-07
-4.699828000000000228e-06
-1.228315999999999972e-06
-5.950519999999999738e-06
-1.200436999999999938e-05
-8.990371000000000189e-06
3.341105000000000006e-06
3.743039000000000010e-06
-1.372395000000000054e-06
6.685934000000000317e-06
6.435680999999999750e-06
3.879869000000000105e-06
4.420478000000000098e-06
-1.080257999999999958e-06
5.712137999999999688e-06
8.871231999999999905e-06
9.438584999999999943e-07
3.179016999999999806e-06
6.994733999999999800e-06
-2.456029000000000029e-06
-6.041442000000000187e-06
-4.702493000000000311e-06
-1.587580999999999954e-06
-1.817510000000000027e-06
4.536737999999999897e-06
5.130415999999999636e-06
-8.886266000000000276e-06
-1.395196000000000016e-05
-7.165310999999999912e-06
1.926105000000000001e-06
1.105791000000000032e-05
7.534619999999999742e-07
-4.983205999999999736e-06
7.156055000000000216e-07
5.574021999999999671e-06
5.765756000000000400e-06
4.300863000000000228e-06
2.658934000000000164e-06
-6.028915000000000196e-06
-8.267760999999999834e-07
5.233239000000000159e-06
2.070835999999999870e-06
-9.189648999999999943e-06
-3.317058000000000082e-06
1.467201999999999958e-06
-9.274565000000000305e-08
-2.087126000000000183e-06
7.971431999999999643e-07
-2.201824999999999879e-06
1.406118000000000045e-06
5.387355999999999924e-06
-3.044275000000000173e-06
-1.860480000000000100e-06
2.547084999999999941e-06
-4.820484999999999638e-06
-1.606273000000000079e-06
3.485087999999999979e-06
6.791869000000000134e-07
8.270664999999999527e-06
9.810514000000000308e-06
7.141752000000000329e-06
5.886450999999999590e-06
3.923781000000000134e-06
2.192963999999999863e-06
3.524860999999999895e-06
-4.698140000000000219e-06
-3.644975999999999908e-07
1.726418999999999911e-05
1.472720999999999922e-05
-2.921970999999999980e-06
6.370637999999999821e-07
4.558905000000000018e-06
3.528250000000000058e-06
-2.031750000000000071e-06
5.223628999999999585e-06
-1.652563000000000105e-06
3.699007999999999872e-06
6.078205000000000024e-06
1.089925999999999973e-05
8.238540000000000237e-06
-5.183004999999999896e-07
3.583618999999999976e-07
8.251925999999999164e-06
-3.084145000000000119e-07
-1.211769000000000019e-05
-1.107770000000000068e-05
1.693439999999999833e-05
1.277256999999999992e-05
5.804098999999999806e-06
7.743050000000000345e-06
1.332612999999999975e-05
9.104049000000000288e-06
6.916704999999999704e-06
-1.689617999999999956e-06
-2.986374000000000031e-06
-1.110491000000000004e-05
-1.107663999999999937e-05
7.650153000000000013e-07
-3.660223999999999940e-06
-1.102779999999999968e-05
-1.222074999999999984e-05
-3.342218000000000024e-06
-8.044665000000000336e-06
1.498537999999999915e-06
-9.561956999999999971e-06
1.203089999999999903e-06
3.662555000000000122e-06
-2.458634000000000150e-06
8.750201999999999939e-07
1.349505999999999951e-05
9.434451999999999571e-06
-2.385959000000000037e-06
5.276004000000000079e-06
-3.865637999999999664e-06
1.541103000000000032e-06
9.302181000000000173e-06
1.235148999999999954e-05
3.505779000000000015e-06
-2.952243999999999817e-06
-1.407554000000000043e-05
1.289929999999999905e-06
2.483518999999999807e-07
4.529281999999999913e-06
-8.951751000000000548e-06
-1.037121999999999961e-05
-1.235283000000000011e-05
-7.625136000000000206e-06
-1.293682999999999952e-06
-6.169240999999999808e-06
-6.639478999999999760e-06
-1.047130999999999987e-05
-1.527304000000000040e-05
-6.903845999999999867e-06
-2.326435000000000198e-06
-3.468630000000000111e-06
-3.858043000000000290e-06
-3.381944999999999940e-06
5.381599000000000040e-06
6.445539999999999786e-06
6.747246000000000383e-06
5.149192000000000386e-06
1.069084000000000046e-06
3.244778000000000073e-06
6.602221000000000023e-06
3.845018999999999922e-06
-1.952450999999999912e-07
-2.477170000000000205e-06
-4.315906000000000213e-06
-6.355336000000000099e-06
-8.230804999999999540e-06
-1.157111000000000076e-05
-7.963509999999999925e-06
-1.051777000000000078e-05
-3.519934999999999868e-06
6.200452999999999942e-06
2.965078000000000129e-07
-9.363382000000000140e-07
-5.213172000000000407e-06
-1.091775000000000063e-05
-5.437759999999999586e-06
1.797697999999999902e-06
8.419574999999999767e-06
6.585095000000000350e-06
-8.971704999999999934e-07
5.637304000000000330e-06
1.891510000000000081e-06
-4.217587999999999742e-07
-1.002468999999999922e-06
5.852869999999999919e-06
6.508814999999999616e-06
3.492338000000000206e-06
-3.899071999999999724e-06
-3.753739000000000179e-06
-6.612970999999999878e-06
-9.278014999999999293e-06
-1.044831999999999969e-06
9.834179000000000699e-06
3.438581000000000104e-06
-2.133752999999999982e-06
-1.587802999999999941e-06
-5.109724000000000208e-06
-6.502370999999999615e-06
-1.714867000000000026e-06
-5.386717999999999677e-06
-4.306008000000000159e-06
4.324141000000000313e-06
1.619193999999999934e-06
1.090206999999999979e-05
3.270333000000000118e-06
1.526168000000000064e-06
2.218421000000000168e-06
3.341290000000000136e-07
-3.282708000000000148e-06
2.541171999999999986e-06
-2.696789000000000075e-06
-1.157612000000000056e-06
-2.563604000000000011e-06
-6.669440000000000302e-06
8.498789000000000598e-06
1.401403999999999940e-06
5.476552999999999978e-06
-9.155912000000000202e-07
-1.532414000000000106e-06
-1.831485000000000071e-07
5.464929000000000138e-06
8.112083999999999360e-06
-2.776808000000000045e-06
9.346080999999999659e-07
6.965233000000000097e-06
3.767794999999999812e-06
-1.072540999999999942e-07
-3.144489999999999856e-06
2.311827999999999967e-06
-8.447893999999999453e-06
1.885282999999999929e-06
9.786789000000000802e-06
1.833269000000000082e-05
6.109576000000000100e-06
-4.577198999999999745e-06
-3.510866999999999855e-06
-4.168743999999999944e-06
-4.452511000000000237e-06
1.048227999999999987e-05
4.810254999999999738e-06
1.027367999999999986e-05
1.112702000000000007e-05
1.025412999999999935e-05
1.846370000000000035e-06
-1.762965000000000154e-05
-1.531450000000000050e-05
-1.980192000000000054e-07
1.662320999999999947e-07
2.625332000000000125e-06
7.773418000000000051e-06
7.774603999999999331e-06
1.025255999999999963e-05
1.639043000000000021e-06
-1.643762000000000052e-06
5.870329999999999918e-06
5.005863999999999647e-06
7.088311999999999872e-07
1.317339999999999910e-06
2.089362999999999887e-06
2.262941000000000040e-06
3.243994999999999846e-06
8.012031999999999729e-06
1.694109000000000046e-06
2.316846999999999967e-07
-1.869487999999999938e-06
-3.879912999999999625e-06
-9.473500999999999407e-06
-3.370201000000000176e-06
-2.229619000000000108e-06
-1.378977999999999975e-07
1.978678000000000031e-06
-3.802983000000000008e-06
-5.854655999999999668e-06
-2.805528000000000001e-06
-1.972808000000000204e-06
-1.009848000000000025e-05
-5.078730999999999978e-06
-5.405780999999999667e-06
-3.591094000000000062e-06
-1.069074000000000008e-07
2.789105999999999855e-06
2.244283999999999822e-06
8.915284000000000411e-06
6.049016999999999856e-06
5.512164000000000203e-06
4.860016999999999889e-06
8.610884000000000412e-06
-4.692782000000000126e-06
5.511630000000000286e-06
4.593999000000000160e-06
1.234843000000000063e-05
-1.013667999999999931e-05
-1.790583999999999999e-05
-2.233200999999999966e-05
-1.001685000000000050e-05
-7.210110999999999890e-06
-1.236327000000000030e-06
-8.483908999999999819e-06
-6.845727000000000059e-06
-1.512937999999999939e-07
4.267526999999999909e-06
-9.371034999999999633e-06
-1.549871999999999922e-05
-1.328434999999999928e-05
-1.247133000000000075e-05
-7.814990999999999255e-06
4.023154000000000080e-07
4.464723999999999607e-06
2.602275999999999816e-06
3.417662000000000127e-06
3.227155999999999837e-06
1.898874000000000067e-06
-9.232418000000000185e-07
5.171273000000000251e-06
-3.393653999999999797e-06
5.790725000000000364e-06
-7.322634999999999581e-08
9.741318000000000726e-07
6.672537999999999844e-06
-2.782596999999999966e-06
3.765035000000000070e-07
3.452118000000000022e-06
5.098868999999999784e-06
3.300803999999999915e-06
2.704643000000000034e-06
1.165501000000000007e-05
7.592933000000000034e-06
7.090745000000000328e-06
1.628615999999999977e-06
8.654278999999999934e-07
-1.157251999999999966e-07
9.318214000000000380e-07
4.586837000000000245e-06
3.126104999999999947e-06
1.381271000000000061e-06
4.266899999999999754e-06
6.867035999999999790e-06
1.673749000000000041e-06
3.424923999999999838e-06
7.050375000000000239e-06
8.033375999999999367e-06
2.715479000000000145e-06
-3.722426999999999826e-06
-2.430690000000000016e-06
1.797849000000000047e-06
-4.957955000000000035e-06
7.390237999999999766e-06
-5.193665000000000019e-06
-3.399864999999999931e-06
4.863436000000000034e-06
-4.371238000000000380e-06
-2.785683999999999840e-06
-4.687365000000000310e-06
1.125695999999999971e-06
2.335996000000000055e-06
2.539276999999999981e-06
-4.113390999999999832e-06
-5.250201000000000387e-06
5.700972000000000209e-06
1.770700999999999905e-05
1.438311000000000026e-05
-1.877004000000000096e-06
-4.976117000000000353e-06
-3.294359000000000204e-07
6.939986999999999899e-06
3.392399999999999910e-06
2.756596999999999918e-07
5.493292000000000192e-06
-7.119834000000000517e-07
-4.360875999999999986e-08
-2.977067999999999802e-06
6.367517000000000067e-07
-5.566416999999999597e-07
7.670873999999999606e-07
-8.224096000000000482e-07
-2.063432999999999866e-06
1.501409999999999996e-06
1.468075999999999944e-06
4.011039000000000240e-06
1.997713999999999911e-06
-1.173845000000000067e-06
-4.395854999999999945e-06
-1.154541999999999937e-07
4.675440999999999812e-06
-1.710817000000000132e-08
3.882210999999999955e-06
2.638443999999999958e-06
3.676918999999999892e-07
3.084190000000000197e-06
2.911746999999999822e-06
5.086823999999999969e-06
6.571148000000000337e-07
-2.221611999999999949e-06
-5.420105000000000345e-06
-1.564840000000000081e-05
-1.293744999999999927e-05
-1.894870000000000037e-05
-1.044643999999999988e-05
-5.072889000000000077e-06
-6.325476000000000015e-06
-2.450679999999999972e-06
-4.322413000000000047e-06
-8.658032999999999374e-06
-2.979916000000000172e-07
-1.060068000000000029e-05
-2.123302000000000122e-06
-5.601970000000000339e-06
-7.710692999999999733e-06
-5.191330000000000151e-06
2.712989000000000021e-06
-2.660174999999999797e-07
8.763837000000000233e-06
2.198919999999999946e-06
-1.734270999999999900e-06
2.723377000000000048e-06
-1.645138999999999946e-06
-2.670774999999999853e-06
-5.679875999999999793e-06
-9.648358000000000772e-06
-4.366329999999999579e-06
1.833240999999999945e-06
2.859704999999999838e-06
1.362449999999999974e-06
2.271300999999999991e-06
-5.400503000000000088e-06
-1.116427999999999944e-06
-4.126868000000000211e-06
-3.183296999999999788e-06
-5.387861999999999492e-07
5.243785000000000127e-08
-4.070618999999999930e-06
-1.183192999999999973e-05
4.209979999999999797e-06
-2.123247000000000087e-06
3.307350000000000191e-06
2.445870999999999998e-06
1.518848000000000023e-06
8.004304999999999252e-06
6.011608999999999790e-06
8.636201999999999209e-06
9.454044999999999368e-06
4.322474000000000249e-06
-1.607102000000000093e-06
-6.576286000000000499e-07
2.777083999999999829e-07
-4.038308000000000164e-06
1.565419999999999998e-06
-5.900011000000000354e-06
-8.401052000000000283e-06
-3.540315999999999817e-06
-2.597022999999999868e-06
-5.610487000000000177e-06
-1.471863999999999898e-06
-2.417930999999999974e-06
-8.500083000000000318e-06
1.645573000000000120e-07
-8.479715999999999697e-07
-3.865341999999999964e-06
-5.497694000000000154e-06
-6.574603000000000417e-06
-2.925206999999999944e-06
5.694257999999999954e-06
9.448292000000000441e-06
9.736749999999999569e-06
2.200840000000000006e-06
7.106414000000000228e-06
5.731982999999999665e-06
1.424746999999999998e-05
7.650900999999999273e-06
-3.845966999999999832e-06
-2.245154999999999937e-06
-3.254007000000000082e-06
-7.136427999999999904e-06
2.681560000000000038e-06
-2.076980999999999876e-06
3.799142999999999889e-06
3.242600000000000091e-06
5.068778999999999704e-06
-2.341745000000000142e-06
-5.992605000000000369e-06
-1.971776000000000093e-06
2.065663999999999828e-06
-2.936599000000000156e-06
-6.895797000000000242e-06
6.258412999999999807e-06
8.171722999999999620e-06
-5.555193000000000423e-07
2.980157000000000154e-06
3.063331999999999786e-07
9.732935000000000352e-06
1.367955999999999918e-05
1.043737000000000066e-05
-4.547712000000000005e-06
-7.675833000000000544e-06
-4.519750000000000221e-06
-9.713405000000000812e-07
-6.434678999999999620e-06
5.752060000000000117e-06
3.694032000000000159e-06
-1.494331000000000042e-06
-6.550893000000000266e-06
-4.557770000000000240e-06
-2.019900000000000092e-05
-1.326235000000000017e-05
4.082669000000000094e-06
5.918292000000000358e-07
-9.373866000000000063e-07
-6.693476999999999950e-06
-1.046694999999999979e-05
9.394931000000000259e-07
-4.271508999999999924e-07
-8.684446999999999626e-07
6.281332999999999750e-06
2.110359000000000084e-06
2.963907000000000098e-06
1.066895000000000057e-05
6.110939999999999635e-06
6.759641000000000118e-06
-4.373545999999999715e-06
4.768348999999999601e-06
8.881039999999999592e-06
3.872919000000000112e-06
3.541635999999999831e-06
6.999163000000000296e-06
4.012597999999999863e-06
5.491590999999999613e-06
-1.485285000000000002e-06
-7.517523000000000022e-06
-9.964913000000000657e-06
-8.195803999999999636e-06
-4.130853000000000309e-06
-5.282108000000000013e-06
1.682398999999999950e-06
-1.277196999999999945e-06
-1.267509999999999999e-06
-1.349060999999999906e-06
8.259967999999999653e-06
5.167568000000000259e-06
5.321435999999999715e-06
-6.050409000000000164e-06
-3.428903000000000194e-06
1.669217999999999906e-06
5.215736000000000032e-06
5.162648999999999790e-07
-3.954200999999999582e-06
-5.523920999999999691e-06
-8.657103999999999776e-06
-1.040829999999999994e-05
-4.732728999999999762e-06
-2.168141000000000118e-06
-2.730978000000000011e-06
3.284249000000000122e-06
1.032437000000000022e-06
-8.929118999999999237e-06
-1.176801000000000051e-05
-6.483413000000000194e-06
1.007337000000000042e-06
-3.321957999999999815e-06
-5.602349999999999817e-06
-8.050594000000000733e-06
3.661175999999999961e-06
5.694648000000000132e-06
6.040922999999999624e-06
2.048750999999999894e-06
1.350710000000000056e-07
5.939326000000000333e-06
-8.362817000000000471e-07
5.466611000000000404e-06
6.823339999999999794e-06
7.460633999999999863e-06
6.647224000000000310e-06
1.322269000000000062e-05
1.702519999999999922e-06
-2.317501000000000074e-06
-1.077039000000000040e-05
8.332775000000000446e-07
3.286105999999999925e-06
7.641351000000000355e-06
1.044684000000000076e-05
4.029161999999999693e-06
6.871812000000000336e-06
1.164944000000000058e-07
-5.900018999999999728e-06
3.384479000000000008e-06
1.044105999999999961e-05
5.810739000000000136e-06
1.319748999999999957e-05
1.627503000000000128e-05
1.946907000000000094e-05
1.336108000000000015e-05
1.159796999999999934e-05
6.575010999999999821e-06
9.410866999999999694e-06
1.522178999999999983e-05
1.763932000000000038e-05
1.090191999999999946e-05
1.766507999999999952e-06
-2.279430000000000129e-06
-1.142883000000000057e-06
1.336830000000000040e-06
1.431282000000000097e-06
-9.705704999999999598e-06
-2.921083999999999848e-06
9.058524999999999807e-06
-2.565085999999999839e-06
-1.200459999999999938e-06
-5.434918000000000333e-06
-3.541793999999999958e-06
-5.402453000000000128e-06
-2.986705999999999878e-06
-2.976036999999999930e-06
9.603712000000000810e-07
4.864930999999999585e-06
1.030824999999999968e-07
-2.706289000000000153e-06
-1.171567000000000077e-06
-1.528257999999999946e-06
1.403901000000000045e-06
-3.411475999999999836e-07
-1.835752000000000013e-06
-5.156386999999999730e-06
2.209887999999999889e-06
3.756283999999999915e-06
-1.098733000000000022e-06
-1.271954999999999920e-05
-1.062296999999999936e-05
-7.495489999999999788e-06
-9.239696999999999519e-07
-7.696543999999999862e-07
-4.359224000000000363e-06
-7.408627000000000210e-06
-3.712191999999999999e-06
-3.358833000000000203e-06
-6.831081000000000234e-06
4.593571999999999597e-06
1.347761999999999921e-05
-7.220767000000000114e-07
-1.042994999999999998e-05
5.051124000000000252e-07
2.764904000000000100e-06
5.421106999999999628e-06
2.760224999999999903e-06
1.753013999999999950e-06
-2.268814000000000162e-06
-2.298247000000000052e-07
4.355250000000000356e-06
6.058538000000000302e-06
-1.116594000000000036e-05
-1.023041000000000019e-05
-3.580453000000000039e-06
1.045912999999999950e-06
-1.016699000000000038e-05
-1.254642000000000040e-05
-8.095646000000000043e-06
-4.558474999999999584e-06
-9.709089999999999228e-06
1.206750999999999951e-06
-3.275006000000000150e-06
-8.136531999999999977e-06
-5.712235000000000037e-06
-1.129642999999999952e-05
-6.719558000000000116e-06
-1.069790000000000052e-06
-2.630189000000000154e-06
-3.709586999999999877e-06
-1.697708000000000077e-06
-6.780063000000000141e-06
1.621207000000000019e-06
4.191804000000000363e-06
3.223226000000000198e-06
2.009460999999999970e-06
-2.184817999999999891e-06
-5.709070999999999943e-06
-4.551453000000000145e-06
-3.393409999999999944e-07
2.445134000000000195e-06
-7.591367999999999821e-06
-5.193347000000000135e-06
-4.304183000000000393e-06
-7.613897000000000194e-06
6.280724999999999908e-06
3.934488999999999994e-07
-9.981931999999999283e-07
1.443937000000000021e-06
-4.136455000000000362e-06
-4.926692000000000399e-06
-1.268465000000000102e-06
8.305319000000000229e-07
-4.317347000000000391e-06
2.139711999999999937e-06
6.253138000000000099e-06
5.708464000000000340e-06
4.917263999999999740e-08
3.317170000000000209e-06
6.240105000000000117e-06
2.685755999999999820e-06
8.085657999999999623e-06
7.529655000000000332e-06
9.333237000000000236e-06
-9.483238999999999279e-06
2.163086999999999946e-06
9.928823000000000127e-06
2.656890999999999885e-06
3.122397999999999899e-06
-1.357629000000000093e-06
-1.470149999999999977e-05
-6.162996000000000006e-06
-9.212449000000000809e-06
-2.247031999999999868e-06
-4.788232000000000203e-06
-5.970998999999999851e-06
2.150534000000000085e-06
-1.193859000000000050e-06
2.196314999999999825e-06
2.785807000000000058e-06
1.044454999999999981e-05
4.133874000000000055e-06
6.263522999999999831e-06
-6.705449999999999471e-07
5.705961000000000281e-07
-1.097905000000000036e-06
1.060954000000000007e-05
1.130250000000000063e-05
7.467030999999999625e-06
2.935472000000000175e-06
2.983049999999999967e-07
-1.116384000000000052e-07
-1.025783000000000069e-05
-1.452977000000000065e-05
-7.160680999999999585e-06
-3.780054000000000028e-06
-4.386340000000000088e-06
4.010987999999999891e-06
-7.478739999999999906e-07
2.878194000000000077e-06
4.874244000000000219e-06
-4.979892000000000160e-06
8.249134000000000021e-06
1.237226999999999971e-05
8.616905000000000807e-06
1.125477999999999967e-05
5.864936999999999917e-06
4.778782999999999627e-07
-6.023513999999999975e-06
-8.375482000000000459e-06
-3.953323000000000122e-07
2.516695000000000051e-06
6.760976000000000335e-06
1.157503999999999955e-05
8.330627000000000022e-06
1.146434000000000076e-05
-3.558356999999999972e-06
-1.336265999999999930e-06
-5.230179999999999787e-06
-9.359074999999999835e-06
-4.748438999999999947e-07
7.205545000000000483e-07
-5.436150999999999852e-06
-4.855175999999999879e-06
-7.810194000000000459e-06
-5.063101000000000095e-06
3.652974999999999952e-06
-4.291671999999999997e-06
-2.402011000000000134e-06
-3.706534999999999911e-06
5.828208999999999987e-06
6.126514999999999905e-06
3.647266000000000123e-07
2.234566000000000079e-06
1.054484000000000050e-05
1.034719000000000079e-05
5.290648000000000273e-06
1.986683999999999951e-06
-6.156744999999999614e-06
-1.203737999999999960e-05
-6.128541999999999742e-06
4.276988000000000393e-06
-1.507137999999999926e-06
-7.458347999999999864e-06
-8.661466000000000328e-06
-7.391606000000000258e-06
-5.664848000000000011e-06
-2.046009000000000014e-06
6.684410999999999993e-06
6.790357000000000113e-06
-3.331722999999999797e-06
1.987732999999999896e-06
3.898658999999999971e-06
4.940683999999999959e-07
-8.695867999999999791e-07
-2.345137999999999992e-06
1.918978999999999809e-06
6.403514999999999964e-06
-3.306709000000000073e-06
-1.228183999999999929e-05
-6.361476000000000179e-06
-3.533284999999999918e-06
-7.146123999999999887e-06
2.224433999999999919e-06
-2.654542000000000054e-06
-6.826456000000000257e-06
-1.506062000000000083e-05
-1.365924999999999971e-05
-3.465875999999999899e-06
9.597049000000000905e-07
-9.924571000000000494e-07
-1.939397000000000144e-06
-1.646962000000000080e-06
-7.662697000000000472e-06
-6.053577000000000368e-07
1.039894000000000076e-05
-6.142974000000000013e-06
-9.250896000000000544e-06
-1.417633999999999953e-05
-6.296785000000000225e-06
2.806344999999999895e-06
2.278288000000000105e-07
-1.654020999999999906e-06
1.963913999999999913e-06
8.962028999999999232e-06
-5.596404999999999614e-07
-7.297968000000000224e-07
4.823116000000000054e-06
9.985156999999999578e-06
1.454376000000000015e-05
1.368162999999999999e-05
1.195787999999999977e-05
1.399797000000000008e-05
5.852988000000000212e-07
1.139562000000000076e-06
6.219050000000000198e-06
7.660671999999999420e-06
6.877344999999999966e-06
9.305075999999999406e-06
7.461504999999999977e-06
8.684657000000000764e-06
1.027647000000000022e-05
-4.332644000000000187e-06
2.001636999999999992e-06
4.693076999999999587e-06
2.196863999999999944e-06
6.928544999999999577e-06
1.772588000000000112e-05
9.543646000000000410e-06
8.575917999999999568e-07
-4.960905999999999966e-06
-5.920971000000000404e-06
-2.043115000000000173e-06
2.614995999999999840e-06
6.584337000000000178e-06
6.972375999999999700e-06
2.809987000000000054e-06
2.810348000000000066e-06
3.125216000000000183e-06
3.117722999999999813e-06
-1.365096999999999985e-06
-9.426575999999999852e-06
3.001635999999999919e-06
-1.130817000000000086e-06
-1.641219999999999848e-05
6.959494999999999679e-07
1.867719000000000024e-06
5.980216999999999769e-06
8.527237999999999214e-06
-1.191865000000000065e-06
-6.945930000000000259e-06
-3.646790999999999928e-06
-2.526538000000000068e-06
4.258391000000000243e-07
4.431615999999999652e-06
3.641696000000000107e-06
7.833076000000000624e-06
-5.676135000000000289e-07
-4.367105000000000114e-07
-1.900641999999999954e-06
1.189468999999999995e-06
-8.214791000000000069e-06
3.950283999999999667e-06
3.389241000000000167e-08
2.125351999999999959e-06
-3.679804000000000014e-06
-2.348364999999999919e-06
-1.162455999999999937e-05
7.543106999999999810e-07
-2.684708999999999930e-06
-8.698465000000000751e-06
-9.455864999999999632e-06
-4.570001999999999923e-06
-2.093644999999999925e-06
3.257220000000000046e-06
2.573414999999999992e-06
8.331636999999999526e-07
-3.344003000000000063e-07
2.994988999999999820e-07
-9.934099000000000604e-08
2.424487999999999919e-06
1.818120999999999952e-06
1.496015999999999967e-06
-5.546417999999999737e-08
-1.877917000000000099e-06
1.845612000000000076e-06
-2.825308000000000195e-07
-5.056540000000000040e-06
-9.051911000000000619e-06
-1.918460000000000094e-06
2.694627000000000112e-06
1.309072999999999985e-06
-3.609014000000000053e-06
-9.516708999999999485e-06
-3.747104000000000199e-06
-1.018515000000000022e-05
-8.785161999999999559e-06
-5.666802000000000162e-06
1.845301999999999989e-06
8.608989999999999587e-07
-8.609067000000000442e-07
5.043119000000000360e-06
-7.140351000000000408e-06
-2.071240999999999826e-06
4.352281000000000351e-06
1.476249000000000026e-06
9.362473000000000035e-06
8.554874999999999768e-07
3.080936999999999975e-06
4.803707000000000042e-07
-1.398666999999999987e-06
-1.155609000000000061e-07
8.801478999999999558e-06
4.784799000000000096e-06
3.499856000000000208e-06
-1.041244000000000029e-06
4.455771999999999832e-06
-3.930156999999999953e-06
-4.504785000000000272e-06
-5.002841999999999661e-06
-1.023438000000000009e-05
-1.218887999999999976e-06
2.620457000000000024e-06
-4.566407000000000002e-06
-2.837861000000000029e-08
2.108174000000000121e-06
-3.297485999999999806e-06
-5.975658999999999736e-06
-1.618654000000000063e-06
-1.752280000000000018e-06
-7.620408000000000139e-06
-4.447621999999999749e-06
4.488355999999999722e-06
1.353029999999999987e-05
6.219430999999999915e-06
5.169514999999999581e-06
-4.397679000000000319e-06
-4.036868000000000226e-06
7.781527999999999877e-06
4.053207999999999802e-06
-4.386816999999999914e-06
-9.899016000000000024e-06
-1.276693000000000009e-05
-1.225226000000000016e-05
-6.173848999999999951e-06
-2.013796999999999805e-06
-5.564237000000000408e-06
3.812177000000000110e-06
-2.076586000000000196e-06
-6.174767000000000303e-06
-5.244251000000000046e-06
-7.815600000000000184e-06
2.859653000000000097e-06
3.486775000000000172e-06
-4.011865999999999986e-06
3.005660999999999851e-07
2.492720999999999812e-06
7.332881000000000241e-06
9.068878000000000350e-06
-4.411278999999999858e-07
6.855647000000000296e-06
9.915545999999999339e-06
-7.725170000000000611e-08
-2.658081999999999939e-06
1.716689999999999949e-06
-7.243401999999999602e-06
-1.209815999999999938e-05
-3.563441000000000231e-07
7.325826999999999918e-06
-2.105350000000000095e-06
-1.028550000000000088e-06
-2.213930999999999948e-07
-7.042300000000000320e-06
-1.573597000000000106e-05
-1.518581000000000064e-06
4.602043999999999674e-06
-2.094608000000000038e-06
9.442378000000000035e-07
7.539679000000000052e-06
-1.151072999999999974e-06
-3.713661999999999919e-06
-3.883574000000000097e-06
6.326220999999999616e-06
1.022627999999999927e-05
1.174907999999999933e-05
1.067191999999999997e-05
3.113382999999999868e-06
3.455057999999999862e-07
-6.233654000000000134e-06
1.029110999999999904e-06
-1.450176000000000081e-06
-4.181765000000000123e-07
-1.140578999999999986e-06
1.015587999999999948e-06
3.695773000000000148e-06
2.045482000000000078e-06
-3.338717999999999973e-06
-1.893114000000000100e-06
-6.401382000000000166e-06
-2.352159999999999855e-06
-2.397782999999999892e-06
-2.704838999999999939e-06
-1.270623999999999983e-05
-2.723066000000000145e-06
-1.282440000000000041e-06
-2.620227000000000028e-06
1.791362999999999945e-06
5.843415999999999840e-07
-4.192029000000000009e-06
-3.834220999999999589e-06
-2.098005999999999814e-06
-2.214806999999999935e-07
-4.676288000000000111e-06
2.029850999999999956e-06
1.267566999999999921e-05
1.072874000000000055e-05
3.465298999999999854e-06
-1.732505000000000068e-07
-3.795268999999999890e-07
5.180952000000000400e-06
1.256657000000000054e-05
4.414187999999999689e-06
-2.227890000000000026e-06
-8.549079000000000078e-06
-9.674367999999999190e-06
5.011579999999999670e-07
5.259356999999999864e-06
-3.054553999999999944e-06
-4.899220000000000164e-06
3.465457999999999796e-06
2.728685999999999848e-06
5.235540000000000360e-06
8.911856999999999198e-06
-1.744689999999999935e-06
1.998267000000000141e-06
3.968922000000000419e-06
-4.245521999999999600e-06
5.111717999999999769e-06
-4.407725000000000117e-07
-3.939334000000000221e-06
-9.823813999999999825e-07
-4.725891000000000320e-06
-1.346061999999999920e-06
-9.806588999999999749e-07
-1.875212999999999998e-06
-3.049956999999999893e-06
-1.336841999999999948e-06
-1.336955000000000102e-06
-9.114729999999999721e-06
6.462511000000000263e-07
-2.860104000000000052e-06
-6.017745999999999999e-06
-5.699803999999999943e-07
-7.280870999999999869e-06
-1.475215000000000071e-06
2.303205999999999984e-06
1.824097999999999980e-06
1.108324000000000072e-06
-1.668131999999999998e-06
3.607211000000000046e-06
9.136895999999999603e-06
6.871720000000000337e-06
1.941189000000000059e-06
-6.029006999999999771e-07
-1.583492999999999977e-06
-2.444714999999999852e-06
1.173768000000000059e-06
6.878694000000000145e-06
1.299430999999999926e-05
6.314703999999999977e-07
7.472265000000000107e-07
5.445590000000000153e-06
-8.610639999999999606e-07
-3.255378000000000022e-07
-3.996371000000000230e-06
-1.403581999999999922e-06
2.740644000000000013e-06
9.370730999999999711e-06
1.237117000000000068e-05
1.113817999999999980e-05
1.610620000000000005e-06
4.642939000000000068e-06
1.502271000000000003e-05
1.451078000000000034e-05
6.127643999999999942e-06
7.959225000000000016e-06
1.538415000000000076e-05
-1.054910999999999936e-06
7.623084999999999707e-06
1.326359999999999952e-05
5.588215999999999725e-06
7.028861999999999958e-06
4.312597000000000140e-06
5.346153999999999738e-06
-6.247431000000000325e-06
-6.680707000000000240e-06
-3.943175999999999971e-06
-1.040325999999999973e-05
-1.150611999999999954e-05
-2.854586000000000201e-06
4.771649000000000061e-06
-1.644607999999999899e-06
-1.139680000000000073e-05
-2.793077999999999806e-06
4.427057999999999830e-07
-1.002433000000000030e-05
-5.590858000000000233e-06
-2.814658999999999846e-06
-3.769985000000000125e-06
-2.170979000000000107e-06
1.908847999999999888e-06
4.596554000000000172e-06
5.471013000000000366e-06
-6.064603000000000218e-06
1.607545000000000039e-06
1.599988000000000020e-06
-2.214199000000000093e-06
2.713134999999999816e-06
3.729764000000000125e-06
3.701005000000000152e-06
-1.067053999999999914e-06
-3.528432000000000000e-06
5.053007999999999953e-06
-3.483857999999999908e-06
3.811197000000000163e-06
-2.191909999999999991e-06
-4.102245000000000057e-06
-1.396348999999999952e-06
-3.932357999999999934e-06
-5.545503999999999786e-06
-8.349402999999999925e-06
-9.745475999999999458e-06
-1.721219000000000029e-05
-3.661789999999999969e-06
-2.603194999999999773e-07
8.565358000000000299e-07
4.530633999999999963e-06
6.854380000000000263e-06
2.249436999999999974e-06
1.725978999999999920e-06
-6.436060999999999652e-07
1.654539000000000016e-07
-2.693286999999999969e-06
-4.704118000000000063e-07
-2.826136999999999891e-06
-3.124161999999999888e-06
-1.045420000000000064e-05
-5.302401999999999890e-06
-1.432328999999999987e-06
-6.023205999999999943e-06
-5.582687999999999598e-06
-4.686393999999999976e-06
-3.641340999999999837e-06
-1.089487999999999995e-06
-3.987422999999999719e-06
1.736018000000000054e-06
-7.402205999999999784e-06
2.937030999999999798e-06
-2.406903999999999885e-06
-7.162865999999999972e-06
-5.002224999999999782e-07
2.361972000000000075e-06
1.127405999999999993e-05
2.737132999999999870e-06
3.901273999999999945e-06
6.708873999999999965e-06
1.049425999999999937e-05
4.046767999999999911e-06
-2.877016999999999986e-06
3.050117999999999890e-06
-9.537214000000000740e-06
-7.852499999999999780e-06
-3.888037999999999653e-06
-4.064482999999999960e-06
-6.837752999999999752e-06
-4.246897000000000074e-06
-6.747733000000000062e-07
-4.958830999999999863e-07
2.200744000000000109e-07
3.944480000000000391e-06
-1.294117999999999935e-08
2.547846999999999799e-06
-5.391186999999999583e-06
2.362968000000000040e-07
7.428108999999999695e-06
4.031007000000000012e-06
-8.418080000000000428e-07
2.250968000000000096e-06
1.002925000000000058e-05
1.098562000000000003e-05
3.116091999999999896e-06
-4.399292000000000163e-06
3.642915999999999902e-06
8.020267999999999221e-06
-2.932027000000000159e-06
8.085668999999999715e-06
-8.796129999999999502e-07
-7.671002999999999779e-06
-5.076078000000000225e-06
-1.781362000000000119e-07
5.658036000000000016e-06
1.425584999999999964e-06
1.903276000000000029e-06
-2.689910000000000030e-07
-5.546695000000000263e-06
2.423811999999999893e-06
9.745457000000000840e-06
1.263733999999999952e-06
-4.805012000000000066e-06
-4.924950000000000170e-06
-1.463407000000000023e-06
-6.491752000000000518e-08
-1.213065999999999991e-06
2.023917000000000057e-06
2.523196000000000143e-06
2.493211000000000209e-06
5.819540999999999581e-06
3.024497999999999956e-06
-4.379404000000000058e-06
-7.522467000000000122e-06
2.398867999999999984e-06
1.528178000000000067e-06
5.528418999999999762e-06
-4.552292000000000223e-06
-5.825794999999999844e-06
-1.456570999999999916e-05
2.552438999999999924e-06
-6.871082000000000090e-06
-4.804851999999999885e-06
-3.775118999999999964e-06
4.596148000000000400e-06
3.697917000000000038e-06
1.496000999999999977e-06
7.378318000000000014e-07
4.010763999999999637e-06
3.703264000000000040e-06
5.666328000000000207e-06
1.079892000000000062e-05
-3.737913999999999837e-08
1.439485999999999977e-06
8.579652999999999965e-06
1.261050000000000064e-05
3.778817999999999791e-06
-1.143365000000000021e-06
1.148528000000000026e-05
9.185332000000000845e-06
-2.252125999999999874e-06
-9.718073999999999039e-07
-8.531267999999999919e-06
-8.047018999999999670e-06
-6.991006999999999624e-06
-5.349471000000000032e-06
1.898928000000000075e-06
7.301812999999999846e-06
-2.580128000000000007e-06
5.934010000000000340e-07
-6.943623000000000316e-06
-1.357824999999999997e-05
-1.193440999999999946e-05
-6.432732999999999690e-06
4.601760000000000305e-06
1.353265999999999937e-06
2.580399000000000076e-06
-3.414109999999999911e-06
-2.337413999999999810e-06
-4.890961000000000249e-06
6.111753999999999658e-06
7.889471999999999669e-06
6.636880999999999620e-06
-6.229659000000000184e-06
-6.946792999999999728e-07
4.304640999999999906e-06
2.936461999999999974e-06
1.463295999999999923e-06
-2.160797000000000102e-07
-1.139367999999999931e-05
-7.856461999999999455e-06
-4.387408000000000134e-07
5.384277000000000059e-07
-4.488520000000000014e-06
-1.212789999999999954e-05
-5.969008000000000161e-06
-1.478338000000000092e-06
-5.653797000000000106e-06
8.121627000000000413e-07
-2.757545000000000040e-06
-4.264014000000000134e-06
-3.140731999999999883e-06
1.309126999999999994e-07
8.231479999999999326e-06
-1.526138000000000083e-06
-2.578256000000000002e-06
-7.094895000000000110e-06
3.707676000000000066e-07
-1.117784000000000105e-06
3.969704999999999798e-06
6.545404000000000157e-06
-3.605408999999999856e-06
-8.748275000000000533e-06
-2.527003999999999802e-06
-2.993790999999999997e-06
-5.503498000000000276e-06
-1.292909000000000059e-05
-6.868269000000000156e-06
4.906935999999999914e-07
-6.388110999999999967e-06
-8.767168000000000489e-06
-8.962124000000000796e-06
-5.736572000000000342e-06
-4.785374999999999902e-06
-9.993940000000000405e-06
-6.227784000000000308e-06
1.072428000000000026e-06
2.434273999999999845e-06
6.594427999999999842e-06
1.185356999999999991e-06
1.032207999999999927e-05
5.502783000000000233e-06
-1.580075000000000072e-06
8.297165000000000036e-06
1.562753000000000113e-05
-1.813968000000000087e-06
2.447361000000000047e-06
-1.195158000000000120e-07
1.581679999999999906e-06
-1.232933999999999968e-06
7.041659000000000202e-06
5.823933999999999931e-06
-5.078060999999999694e-06
1.670543000000000058e-06
5.491323999999999654e-07
4.908018000000000347e-06
-3.232033999999999810e-06
-2.991695999999999977e-06
8.341393999999999710e-07
1.074678999999999947e-05
2.355310999999999801e-06
-3.020480999999999821e-06
4.313472999999999757e-06
8.352220000000000816e-06
1.346286000000000005e-05
8.383572999999999972e-06
1.010335000000000043e-05
1.712015999999999975e-05
8.500317999999999817e-06
1.210009000000000056e-05
4.751366999999999668e-06
1.208478000000000019e-05
1.207556000000000064e-05
1.428545999999999959e-05
8.458715999999999601e-06
