0.000000000000000000e+00
3.000000000000000076e-06
5.000000000000000409e-06
9.999999999999999547e-07
-7.999999999999999638e-06
-9.000000000000000228e-06
-5.000000000000000409e-06
0.000000000000000000e+00
1.000000000000000082e-05
6.000000000000000152e-06
5.000000000000000409e-06
1.000000000000000082e-05
3.999999999999999819e-06
-9.999999999999999547e-07
6.999999999999999895e-06
1.999999999999999909e-06
1.999999999999999909e-06
6.000000000000000152e-06
6.000000000000000152e-06
3.000000000000000076e-06
-3.999999999999999819e-06
-5.000000000000000409e-06
-1.999999999999999909e-06
9.000000000000000228e-06
6.000000000000000152e-06
-3.000000000000000076e-06
1.999999999999999909e-06
-3.000000000000000076e-06
-5.000000000000000409e-06
6.999999999999999895e-06
7.999999999999999638e-06
9.000000000000000228e-06
6.999999999999999895e-06
1.000000000000000082e-05
1.500000000000000038e-05
1.099999999999999971e-05
-3.999999999999999819e-06
-6.999999999999999895e-06
-9.999999999999999547e-07
-1.999999999999999909e-06
-1.999999999999999909e-06
-3.999999999999999819e-06
-3.000000000000000076e-06
-9.999999999999999547e-07
-9.999999999999999547e-07
1.099999999999999971e-05
1.500000000000000038e-05
1.699999999999999987e-05
6.000000000000000152e-06
9.000000000000000228e-06
1.000000000000000082e-05
1.299999999999999920e-05
1.500000000000000038e-05
1.699999999999999987e-05
1.500000000000000038e-05
1.699999999999999987e-05
1.599999999999999928e-05
3.999999999999999819e-06
-0.000000000000000000e+00
1.200000000000000030e-05
6.000000000000000152e-06
9.999999999999999547e-07
2.099999999999999884e-05
1.699999999999999987e-05
6.000000000000000152e-06
1.999999999999999909e-06
1.099999999999999971e-05
1.099999999999999971e-05
1.299999999999999920e-05
-3.999999999999999819e-06
6.999999999999999895e-06
1.299999999999999920e-05
7.999999999999999638e-06
3.999999999999999819e-06
9.000000000000000228e-06
5.000000000000000409e-06
7.999999999999999638e-06
1.500000000000000038e-05
1.099999999999999971e-05
3.000000000000000076e-06
6.999999999999999895e-06
-9.999999999999999547e-07
-9.000000000000000228e-06
-6.999999999999999895e-06
-1.399999999999999979e-05
-3.000000000000000076e-06
-9.999999999999999547e-07
-6.999999999999999895e-06
-6.000000000000000152e-06
-1.099999999999999971e-05
-9.000000000000000228e-06
-9.000000000000000228e-06
-1.099999999999999971e-05
-6.999999999999999895e-06
-1.099999999999999971e-05
-1.299999999999999920e-05
-1.099999999999999971e-05
-6.999999999999999895e-06
-3.999999999999999819e-06
6.000000000000000152e-06
-9.000000000000000228e-06
-1.000000000000000082e-05
-1.200000000000000030e-05
-1.500000000000000038e-05
9.999999999999999547e-07
1.999999999999999909e-06
-3.999999999999999819e-06
-5.000000000000000409e-06
-5.000000000000000409e-06
-5.000000000000000409e-06
-3.999999999999999819e-06
-1.999999999999999909e-06
-9.000000000000000228e-06
-1.000000000000000082e-05
-9.999999999999999547e-07
-5.000000000000000409e-06
-9.000000000000000228e-06
9.999999999999999547e-07
5.000000000000000409e-06
0.000000000000000000e+00
3.999999999999999819e-06
9.999999999999999547e-07
9.999999999999999547e-07
-6.999999999999999895e-06
-7.999999999999999638e-06
0.000000000000000000e+00
-1.000000000000000082e-05
-1.500000000000000038e-05
-6.000000000000000152e-06
9.999999999999999547e-07
1.399999999999999979e-05
6.999999999999999895e-06
-9.999999999999999547e-07
3.999999999999999819e-06
9.000000000000000228e-06
3.000000000000000076e-06
-9.999999999999999547e-07
-3.000000000000000076e-06
-3.999999999999999819e-06
-1.099999999999999971e-05
-5.000000000000000409e-06
9.999999999999999547e-07
-5.000000000000000409e-06
-9.000000000000000228e-06
-1.000000000000000082e-05
-3.999999999999999819e-06
0.000000000000000000e+00
-6.000000000000000152e-06
-6.000000000000000152e-06
-1.200000000000000030e-05
9.999999999999999547e-07
3.000000000000000076e-06
-9.000000000000000228e-06
-1.699999999999999987e-05
-2.000000000000000164e-05
-6.000000000000000152e-06
3.000000000000000076e-06
6.000000000000000152e-06
-3.999999999999999819e-06
-1.999999999999999909e-06
-6.000000000000000152e-06
-9.000000000000000228e-06
-9.000000000000000228e-06
-5.000000000000000409e-06
-1.099999999999999971e-05
1.999999999999999909e-06
3.000000000000000076e-06
1.000000000000000082e-05
1.099999999999999971e-05
-3.999999999999999819e-06
-1.000000000000000082e-05
-1.399999999999999979e-05
-6.000000000000000152e-06
9.999999999999999547e-07
5.000000000000000409e-06
3.999999999999999819e-06
-1.999999999999999909e-06
-9.999999999999999547e-07
-6.000000000000000152e-06
-3.000000000000000076e-06
3.999999999999999819e-06
-1.999999999999999909e-06
7.999999999999999638e-06
1.500000000000000038e-05
6.999999999999999895e-06
5.000000000000000409e-06
3.000000000000000076e-06
-1.999999999999999909e-06
1.399999999999999979e-05
6.999999999999999895e-06
5.000000000000000409e-06
1.399999999999999979e-05
3.999999999999999819e-06
6.000000000000000152e-06
1.000000000000000082e-05
-6.999999999999999895e-06
-3.999999999999999819e-06
5.000000000000000409e-06
9.999999999999999547e-07
9.999999999999999547e-07
-1.999999999999999909e-06
6.000000000000000152e-06
-0.000000000000000000e+00
9.999999999999999547e-07
6.000000000000000152e-06
0.000000000000000000e+00
5.000000000000000409e-06
3.999999999999999819e-06
6.000000000000000152e-06
1.000000000000000082e-05
9.000000000000000228e-06
1.599999999999999928e-05
9.000000000000000228e-06
5.000000000000000409e-06
3.000000000000000076e-06
9.999999999999999547e-07
-6.999999999999999895e-06
6.000000000000000152e-06
1.999999999999999909e-06
-1.500000000000000038e-05
-1.999999999999999909e-06
6.000000000000000152e-06
0.000000000000000000e+00
-7.999999999999999638e-06
3.000000000000000076e-06
9.000000000000000228e-06
-1.999999999999999909e-06
-9.999999999999999547e-07
-9.999999999999999547e-07
-1.999999999999999909e-06
-1.000000000000000082e-05
-1.399999999999999979e-05
3.999999999999999819e-06
6.999999999999999895e-06
6.000000000000000152e-06
5.000000000000000409e-06
1.000000000000000082e-05
-6.999999999999999895e-06
5.000000000000000409e-06
1.999999999999999909e-06
6.000000000000000152e-06
1.599999999999999928e-05
6.000000000000000152e-06
-5.000000000000000409e-06
7.999999999999999638e-06
1.900000000000000105e-05
1.099999999999999971e-05
-3.000000000000000076e-06
-5.000000000000000409e-06
-0.000000000000000000e+00
3.000000000000000076e-06
-5.000000000000000409e-06
6.000000000000000152e-06
1.699999999999999987e-05
1.599999999999999928e-05
1.000000000000000082e-05
9.000000000000000228e-06
7.999999999999999638e-06
-9.999999999999999547e-07
3.000000000000000076e-06
3.999999999999999819e-06
1.099999999999999971e-05
-9.999999999999999547e-07
-7.999999999999999638e-06
-5.000000000000000409e-06
3.999999999999999819e-06
1.099999999999999971e-05
1.999999999999999909e-06
9.999999999999999547e-07
-9.000000000000000228e-06
-1.200000000000000030e-05
-1.200000000000000030e-05
-6.000000000000000152e-06
-9.999999999999999547e-07
-3.999999999999999819e-06
-6.999999999999999895e-06
-3.000000000000000076e-06
-3.999999999999999819e-06
-6.000000000000000152e-06
1.999999999999999909e-06
1.999999999999999909e-06
-1.999999999999999909e-06
-9.999999999999999547e-07
9.000000000000000228e-06
1.999999999999999909e-06
-3.000000000000000076e-06
-1.200000000000000030e-05
-0.000000000000000000e+00
3.999999999999999819e-06
-9.999999999999999547e-07
-1.999999999999999909e-06
-3.999999999999999819e-06
-0.000000000000000000e+00
-6.000000000000000152e-06
-3.999999999999999819e-06
-1.999999999999999909e-06
-6.000000000000000152e-06
1.999999999999999909e-06
9.999999999999999547e-07
-0.000000000000000000e+00
3.000000000000000076e-06
5.000000000000000409e-06
-7.999999999999999638e-06
-5.000000000000000409e-06
-0.000000000000000000e+00
9.999999999999999547e-07
-3.000000000000000076e-06
-6.000000000000000152e-06
-0.000000000000000000e+00
-1.399999999999999979e-05
-9.999999999999999547e-07
1.900000000000000105e-05
6.999999999999999895e-06
5.000000000000000409e-06
-3.000000000000000076e-06
0.000000000000000000e+00
1.000000000000000082e-05
6.999999999999999895e-06
-1.999999999999999909e-06
-5.000000000000000409e-06
-3.000000000000000076e-06
-1.999999999999999909e-06
-5.000000000000000409e-06
-1.200000000000000030e-05
-1.399999999999999979e-05
-3.999999999999999819e-06
-9.999999999999999547e-07
-5.000000000000000409e-06
-1.900000000000000105e-05
-1.800000000000000046e-05
-5.000000000000000409e-06
-9.000000000000000228e-06
-6.000000000000000152e-06
-3.999999999999999819e-06
-0.000000000000000000e+00
6.000000000000000152e-06
9.999999999999999547e-07
-1.999999999999999909e-06
6.000000000000000152e-06
1.099999999999999971e-05
3.000000000000000076e-06
5.000000000000000409e-06
1.999999999999999909e-06
-7.999999999999999638e-06
-3.000000000000000076e-06
-9.999999999999999547e-07
-9.999999999999999547e-07
-6.999999999999999895e-06
-2.000000000000000164e-05
1.999999999999999909e-06
2.000000000000000164e-05
1.200000000000000030e-05
-1.099999999999999971e-05
-1.299999999999999920e-05
-1.000000000000000082e-05
-1.099999999999999971e-05
-1.500000000000000038e-05
-7.999999999999999638e-06
0.000000000000000000e+00
-1.999999999999999909e-06
-1.999999999999999909e-06
-5.000000000000000409e-06
-1.999999999999999909e-06
3.999999999999999819e-06
-6.999999999999999895e-06
-3.000000000000000076e-06
-1.399999999999999979e-05
-1.800000000000000046e-05
3.000000000000000076e-06
-1.200000000000000030e-05
-1.999999999999999909e-06
6.999999999999999895e-06
3.000000000000000076e-06
3.999999999999999819e-06
-3.000000000000000076e-06
-7.999999999999999638e-06
-1.699999999999999987e-05
-1.699999999999999987e-05
-1.200000000000000030e-05
-7.999999999999999638e-06
-3.000000000000000076e-06
-7.999999999999999638e-06
3.999999999999999819e-06
1.000000000000000082e-05
-5.000000000000000409e-06
-7.999999999999999638e-06
-9.000000000000000228e-06
-5.000000000000000409e-06
6.999999999999999895e-06
3.999999999999999819e-06
-5.000000000000000409e-06
9.999999999999999547e-07
1.200000000000000030e-05
1.099999999999999971e-05
6.999999999999999895e-06
9.000000000000000228e-06
1.099999999999999971e-05
3.000000000000000076e-06
-1.500000000000000038e-05
-3.000000000000000076e-06
6.999999999999999895e-06
-0.000000000000000000e+00
-1.999999999999999909e-06
1.999999999999999909e-06
-6.000000000000000152e-06
0.000000000000000000e+00
-3.999999999999999819e-06
-1.000000000000000082e-05
-3.000000000000000076e-06
-0.000000000000000000e+00
1.999999999999999909e-06
-9.999999999999999547e-07
-9.000000000000000228e-06
5.000000000000000409e-06
1.099999999999999971e-05
3.000000000000000076e-06
6.999999999999999895e-06
6.000000000000000152e-06
9.999999999999999547e-07
3.999999999999999819e-06
1.200000000000000030e-05
-3.000000000000000076e-06
-9.000000000000000228e-06
-0.000000000000000000e+00
6.000000000000000152e-06
-0.000000000000000000e+00
9.999999999999999547e-07
9.999999999999999547e-07
1.999999999999999909e-06
-0.000000000000000000e+00
-1.000000000000000082e-05
-1.399999999999999979e-05
3.999999999999999819e-06
3.999999999999999819e-06
1.999999999999999909e-06
-5.000000000000000409e-06
1.000000000000000082e-05
1.200000000000000030e-05
-3.999999999999999819e-06
-0.000000000000000000e+00
9.999999999999999547e-07
-9.999999999999999547e-07
-3.000000000000000076e-06
-0.000000000000000000e+00
0.000000000000000000e+00
6.000000000000000152e-06
7.999999999999999638e-06
1.200000000000000030e-05
3.000000000000000076e-06
6.000000000000000152e-06
3.999999999999999819e-06
-3.000000000000000076e-06
7.999999999999999638e-06
1.200000000000000030e-05
7.999999999999999638e-06
2.099999999999999884e-05
1.599999999999999928e-05
9.000000000000000228e-06
1.699999999999999987e-05
1.599999999999999928e-05
1.000000000000000082e-05
6.000000000000000152e-06
1.299999999999999920e-05
1.200000000000000030e-05
1.399999999999999979e-05
1.099999999999999971e-05
6.999999999999999895e-06
9.000000000000000228e-06
1.000000000000000082e-05
1.299999999999999920e-05
2.300000000000000002e-05
1.900000000000000105e-05
6.000000000000000152e-06
-6.999999999999999895e-06
-1.000000000000000082e-05
-0.000000000000000000e+00
1.000000000000000082e-05
3.999999999999999819e-06
-3.999999999999999819e-06
-9.999999999999999547e-07
6.999999999999999895e-06
3.000000000000000076e-06
-0.000000000000000000e+00
-1.999999999999999909e-06
-3.000000000000000076e-06
-3.000000000000000076e-06
-3.999999999999999819e-06
3.999999999999999819e-06
1.000000000000000082e-05
3.999999999999999819e-06
5.000000000000000409e-06
-9.999999999999999547e-07
3.000000000000000076e-06
6.000000000000000152e-06
9.000000000000000228e-06
3.000000000000000076e-06
3.999999999999999819e-06
-9.000000000000000228e-06
-1.000000000000000082e-05
-5.000000000000000409e-06
-3.000000000000000076e-06
-5.000000000000000409e-06
-1.900000000000000105e-05
-2.000000000000000164e-05
1.599999999999999928e-05
9.000000000000000228e-06
-0.000000000000000000e+00
-6.000000000000000152e-06
-6.999999999999999895e-06
9.999999999999999547e-07
1.999999999999999909e-06
-0.000000000000000000e+00
-3.999999999999999819e-06
-3.999999999999999819e-06
-9.999999999999999547e-07
-3.999999999999999819e-06
-3.999999999999999819e-06
1.500000000000000038e-05
-3.000000000000000076e-06
9.999999999999999547e-07
5.000000000000000409e-06
5.000000000000000409e-06
3.000000000000000076e-06
3.000000000000000076e-06
5.000000000000000409e-06
9.999999999999999547e-07
-1.999999999999999909e-06
-5.000000000000000409e-06
1.999999999999999909e-06
-0.000000000000000000e+00
-1.299999999999999920e-05
-2.000000000000000164e-05
9.000000000000000228e-06
2.000000000000000164e-05
3.999999999999999819e-06
9.999999999999999547e-07
9.999999999999999547e-07
1.999999999999999909e-06
-9.999999999999999547e-07
-5.000000000000000409e-06
-1.999999999999999909e-06
-1.999999999999999909e-06
-9.999999999999999547e-07
-3.999999999999999819e-06
-1.999999999999999909e-06
-0.000000000000000000e+00
-9.999999999999999547e-07
5.000000000000000409e-06
-5.000000000000000409e-06
-1.999999999999999909e-06
-9.999999999999999547e-07
9.999999999999999547e-07
-6.999999999999999895e-06
-3.999999999999999819e-06
-7.999999999999999638e-06
-2.900000000000000017e-05
-7.999999999999999638e-06
-1.999999999999999909e-06
-6.999999999999999895e-06
-9.000000000000000228e-06
-1.000000000000000082e-05
-6.999999999999999895e-06
1.999999999999999909e-06
-6.999999999999999895e-06
-1.099999999999999971e-05
9.000000000000000228e-06
1.000000000000000082e-05
7.999999999999999638e-06
-6.000000000000000152e-06
6.000000000000000152e-06
5.000000000000000409e-06
6.999999999999999895e-06
9.999999999999999547e-07
-1.399999999999999979e-05
-1.200000000000000030e-05
-6.999999999999999895e-06
-9.999999999999999547e-07
-3.999999999999999819e-06
-1.699999999999999987e-05
-5.000000000000000409e-06
-1.999999999999999909e-06
-3.999999999999999819e-06
-3.000000000000000076e-06
-9.000000000000000228e-06
-3.000000000000000076e-06
5.000000000000000409e-06
1.399999999999999979e-05
1.099999999999999971e-05
1.999999999999999909e-06
-1.299999999999999920e-05
-1.800000000000000046e-05
-1.000000000000000082e-05
-6.000000000000000152e-06
-1.999999999999999909e-06
0.000000000000000000e+00
1.999999999999999909e-06
7.999999999999999638e-06
-9.999999999999999547e-07
-5.000000000000000409e-06
-5.000000000000000409e-06
9.999999999999999547e-07
-3.999999999999999819e-06
-1.000000000000000082e-05
-9.000000000000000228e-06
-6.999999999999999895e-06
-6.000000000000000152e-06
-5.000000000000000409e-06
-1.800000000000000046e-05
-3.000000000000000076e-06
3.000000000000000076e-06
-3.000000000000000076e-06
-5.000000000000000409e-06
3.000000000000000076e-06
6.000000000000000152e-06
1.999999999999999909e-06
5.000000000000000409e-06
3.000000000000000076e-06
-1.999999999999999909e-06
-9.999999999999999547e-07
-9.999999999999999547e-07
0.000000000000000000e+00
3.999999999999999819e-06
6.999999999999999895e-06
-9.000000000000000228e-06
-1.200000000000000030e-05
1.099999999999999971e-05
1.000000000000000082e-05
-6.000000000000000152e-06
-6.000000000000000152e-06
-5.000000000000000409e-06
3.999999999999999819e-06
3.000000000000000076e-06
9.999999999999999547e-07
-1.999999999999999909e-06
-3.000000000000000076e-06
-6.999999999999999895e-06
-6.000000000000000152e-06
-9.999999999999999547e-07
-9.999999999999999547e-07
9.999999999999999547e-07
6.000000000000000152e-06
9.000000000000000228e-06
5.000000000000000409e-06
9.999999999999999547e-07
-5.000000000000000409e-06
-1.999999999999999909e-06
1.099999999999999971e-05
3.999999999999999819e-06
-1.999999999999999909e-06
9.000000000000000228e-06
1.500000000000000038e-05
3.999999999999999819e-06
-6.999999999999999895e-06
-0.000000000000000000e+00
-3.000000000000000076e-06
-0.000000000000000000e+00
-6.000000000000000152e-06
-1.399999999999999979e-05
-9.999999999999999547e-07
3.999999999999999819e-06
5.000000000000000409e-06
3.000000000000000076e-06
5.000000000000000409e-06
7.999999999999999638e-06
6.000000000000000152e-06
9.999999999999999547e-07
7.999999999999999638e-06
1.399999999999999979e-05
1.500000000000000038e-05
6.999999999999999895e-06
1.099999999999999971e-05
1.399999999999999979e-05
1.299999999999999920e-05
6.999999999999999895e-06
1.999999999999999909e-06
1.399999999999999979e-05
6.000000000000000152e-06
-3.000000000000000076e-06
-1.999999999999999909e-06
-1.200000000000000030e-05
-6.000000000000000152e-06
-5.000000000000000409e-06
-1.999999999999999909e-06
6.000000000000000152e-06
1.000000000000000082e-05
9.999999999999999547e-07
1.999999999999999909e-06
6.000000000000000152e-06
0.000000000000000000e+00
-3.000000000000000076e-06
-3.999999999999999819e-06
-3.999999999999999819e-06
3.999999999999999819e-06
-0.000000000000000000e+00
-1.399999999999999979e-05
-7.999999999999999638e-06
6.999999999999999895e-06
6.000000000000000152e-06
3.999999999999999819e-06
3.000000000000000076e-06
3.999999999999999819e-06
-9.000000000000000228e-06
-6.999999999999999895e-06
-7.999999999999999638e-06
-1.299999999999999920e-05
-9.000000000000000228e-06
-6.999999999999999895e-06
-9.000000000000000228e-06
1.999999999999999909e-06
0.000000000000000000e+00
-9.999999999999999547e-07
-3.999999999999999819e-06
-3.000000000000000076e-06
-1.999999999999999909e-06
-5.000000000000000409e-06
-0.000000000000000000e+00
-0.000000000000000000e+00
-1.999999999999999909e-06
-9.999999999999999547e-07
9.999999999999999547e-07
3.000000000000000076e-06
3.000000000000000076e-06
-0.000000000000000000e+00
3.000000000000000076e-06
-0.000000000000000000e+00
1.699999999999999987e-05
1.999999999999999909e-06
-7.999999999999999638e-06
1.999999999999999909e-06
5.000000000000000409e-06
-6.000000000000000152e-06
-1.099999999999999971e-05
-1.200000000000000030e-05
-7.999999999999999638e-06
-1.500000000000000038e-05
0.000000000000000000e+00
1.200000000000000030e-05
5.000000000000000409e-06
0.000000000000000000e+00
1.999999999999999909e-06
-3.999999999999999819e-06
-6.000000000000000152e-06
-6.999999999999999895e-06
-3.999999999999999819e-06
3.000000000000000076e-06
-0.000000000000000000e+00
3.999999999999999819e-06
1.999999999999999909e-06
-7.999999999999999638e-06
1.999999999999999909e-06
3.999999999999999819e-06
-0.000000000000000000e+00
-6.999999999999999895e-06
-3.000000000000000076e-06
0.000000000000000000e+00
1.999999999999999909e-06
-3.999999999999999819e-06
-9.000000000000000228e-06
-3.000000000000000076e-06
-9.999999999999999547e-07
9.999999999999999547e-07
-9.000000000000000228e-06
-1.000000000000000082e-05
1.999999999999999909e-06
3.999999999999999819e-06
-9.999999999999999547e-07
-0.000000000000000000e+00
-3.000000000000000076e-06
-5.000000000000000409e-06
6.000000000000000152e-06
3.000000000000000076e-06
6.000000000000000152e-06
6.999999999999999895e-06
1.000000000000000082e-05
0.000000000000000000e+00
-6.000000000000000152e-06
1.999999999999999909e-06
9.000000000000000228e-06
7.999999999999999638e-06
7.999999999999999638e-06
0.000000000000000000e+00
-1.099999999999999971e-05
-1.599999999999999928e-05
-6.000000000000000152e-06
7.999999999999999638e-06
6.999999999999999895e-06
-9.999999999999999547e-07
-3.000000000000000076e-06
-9.000000000000000228e-06
-3.000000000000000076e-06
5.000000000000000409e-06
9.999999999999999547e-07
3.000000000000000076e-06
3.000000000000000076e-06
-3.000000000000000076e-06
-3.999999999999999819e-06
3.000000000000000076e-06
6.000000000000000152e-06
3.000000000000000076e-06
-9.999999999999999547e-07
9.000000000000000228e-06
-1.999999999999999909e-06
-3.000000000000000076e-06
-1.000000000000000082e-05
-1.500000000000000038e-05
-9.000000000000000228e-06
6.999999999999999895e-06
1.099999999999999971e-05
1.299999999999999920e-05
3.999999999999999819e-06
-6.999999999999999895e-06
-1.200000000000000030e-05
-3.999999999999999819e-06
-5.000000000000000409e-06
-7.999999999999999638e-06
-6.000000000000000152e-06
-6.000000000000000152e-06
9.999999999999999547e-07
5.000000000000000409e-06
9.999999999999999547e-07
6.000000000000000152e-06
1.399999999999999979e-05
1.000000000000000082e-05
-9.999999999999999547e-07
5.000000000000000409e-06
3.000000000000000076e-06
9.999999999999999547e-07
3.999999999999999819e-06
9.999999999999999547e-07
6.999999999999999895e-06
1.500000000000000038e-05
3.999999999999999819e-06
-3.999999999999999819e-06
5.000000000000000409e-06
6.000000000000000152e-06
0.000000000000000000e+00
9.999999999999999547e-07
3.999999999999999819e-06
-5.000000000000000409e-06
-9.999999999999999547e-07
1.500000000000000038e-05
1.599999999999999928e-05
1.299999999999999920e-05
9.999999999999999547e-07
1.999999999999999909e-06
6.999999999999999895e-06
9.000000000000000228e-06
1.399999999999999979e-05
3.999999999999999819e-06
9.000000000000000228e-06
6.999999999999999895e-06
3.000000000000000076e-06
7.999999999999999638e-06
6.000000000000000152e-06
1.999999999999999909e-06
9.999999999999999547e-07
-5.000000000000000409e-06
-3.999999999999999819e-06
1.999999999999999909e-06
-1.999999999999999909e-06
-7.999999999999999638e-06
9.999999999999999547e-07
9.999999999999999547e-07
9.000000000000000228e-06
-1.999999999999999909e-06
-6.999999999999999895e-06
0.000000000000000000e+00
-1.699999999999999987e-05
-1.000000000000000082e-05
3.000000000000000076e-06
3.000000000000000076e-06
-3.000000000000000076e-06
1.999999999999999909e-06
-1.099999999999999971e-05
-5.000000000000000409e-06
-9.999999999999999547e-07
-3.000000000000000076e-06
7.999999999999999638e-06
1.200000000000000030e-05
6.000000000000000152e-06
3.000000000000000076e-06
6.000000000000000152e-06
1.000000000000000082e-05
3.999999999999999819e-06
3.999999999999999819e-06
0.000000000000000000e+00
3.999999999999999819e-06
1.999999999999999909e-06
1.000000000000000082e-05
6.000000000000000152e-06
1.000000000000000082e-05
3.999999999999999819e-06
6.000000000000000152e-06
0.000000000000000000e+00
7.999999999999999638e-06
3.999999999999999819e-06
9.999999999999999547e-07
9.999999999999999547e-07
-0.000000000000000000e+00
3.999999999999999819e-06
1.000000000000000082e-05
9.000000000000000228e-06
3.999999999999999819e-06
-9.999999999999999547e-07
-3.000000000000000076e-06
-9.999999999999999547e-07
9.000000000000000228e-06
3.999999999999999819e-06
5.000000000000000409e-06
3.999999999999999819e-06
-3.000000000000000076e-06
-3.999999999999999819e-06
9.999999999999999547e-07
5.000000000000000409e-06
6.000000000000000152e-06
3.000000000000000076e-06
5.000000000000000409e-06
3.000000000000000076e-06
3.999999999999999819e-06
3.000000000000000076e-06
-1.099999999999999971e-05
-3.999999999999999819e-06
-5.000000000000000409e-06
3.000000000000000076e-06
9.999999999999999547e-07
7.999999999999999638e-06
1.299999999999999920e-05
1.500000000000000038e-05
3.000000000000000076e-06
-0.000000000000000000e+00
7.999999999999999638e-06
5.000000000000000409e-06
-5.000000000000000409e-06
-3.999999999999999819e-06
-1.999999999999999909e-06
0.000000000000000000e+00
3.999999999999999819e-06
-5.000000000000000409e-06
-5.000000000000000409e-06
-3.000000000000000076e-06
-3.999999999999999819e-06
5.000000000000000409e-06
-5.000000000000000409e-06
-1.699999999999999987e-05
-1.699999999999999987e-05
-5.000000000000000409e-06
9.000000000000000228e-06
0.000000000000000000e+00
-9.000000000000000228e-06
-3.999999999999999819e-06
-1.999999999999999909e-06
-6.000000000000000152e-06
-0.000000000000000000e+00
0.000000000000000000e+00
1.999999999999999909e-06
-0.000000000000000000e+00
-3.000000000000000076e-06
-7.999999999999999638e-06
-1.099999999999999971e-05
-3.999999999999999819e-06
-1.399999999999999979e-05
-2.699999999999999899e-05
-2.099999999999999884e-05
-1.099999999999999971e-05
-1.099999999999999971e-05
-1.000000000000000082e-05
-1.599999999999999928e-05
-1.900000000000000105e-05
-1.099999999999999971e-05
-1.200000000000000030e-05
-1.299999999999999920e-05
-9.000000000000000228e-06
-1.500000000000000038e-05
-1.500000000000000038e-05
-1.299999999999999920e-05
-1.399999999999999979e-05
-6.999999999999999895e-06
-1.099999999999999971e-05
-1.200000000000000030e-05
-1.099999999999999971e-05
-3.000000000000000076e-06
-9.000000000000000228e-06
-1.200000000000000030e-05
-7.999999999999999638e-06
-3.999999999999999819e-06
3.999999999999999819e-06
6.000000000000000152e-06
0.000000000000000000e+00
1.099999999999999971e-05
-7.999999999999999638e-06
-7.999999999999999638e-06
-5.000000000000000409e-06
-1.000000000000000082e-05
-1.599999999999999928e-05
-7.999999999999999638e-06
1.999999999999999909e-06
9.999999999999999547e-07
9.999999999999999547e-07
3.000000000000000076e-06
3.000000000000000076e-06
-5.000000000000000409e-06
1.999999999999999909e-06
9.999999999999999547e-07
1.999999999999999909e-06
-1.399999999999999979e-05
-1.000000000000000082e-05
-1.299999999999999920e-05
-2.000000000000000164e-05
-1.399999999999999979e-05
-9.999999999999999547e-07
-9.999999999999999547e-07
-3.000000000000000076e-06
-5.000000000000000409e-06
-1.099999999999999971e-05
-1.399999999999999979e-05
-1.399999999999999979e-05
-1.500000000000000038e-05
-1.800000000000000046e-05
-1.800000000000000046e-05
-3.999999999999999819e-06
-0.000000000000000000e+00
-9.000000000000000228e-06
-7.999999999999999638e-06
-3.000000000000000076e-06
-6.000000000000000152e-06
1.999999999999999909e-06
-1.999999999999999909e-06
-1.999999999999999909e-06
9.999999999999999547e-07
-5.000000000000000409e-06
-3.999999999999999819e-06
-1.999999999999999909e-06
-1.999999999999999909e-06
3.000000000000000076e-06
-3.000000000000000076e-06
-1.999999999999999909e-06
-1.599999999999999928e-05
-1.299999999999999920e-05
-0.000000000000000000e+00
-3.000000000000000076e-06
-0.000000000000000000e+00
9.000000000000000228e-06
9.999999999999999547e-07
-6.000000000000000152e-06
-6.999999999999999895e-06
-1.699999999999999987e-05
-5.000000000000000409e-06
1.500000000000000038e-05
3.999999999999999819e-06
6.999999999999999895e-06
7.999999999999999638e-06
6.000000000000000152e-06
7.999999999999999638e-06
7.999999999999999638e-06
2.099999999999999884e-05
1.299999999999999920e-05
9.000000000000000228e-06
1.000000000000000082e-05
1.000000000000000082e-05
1.599999999999999928e-05
1.299999999999999920e-05
-0.000000000000000000e+00
-9.999999999999999547e-07
1.200000000000000030e-05
2.199999999999999943e-05
1.099999999999999971e-05
3.999999999999999819e-06
9.000000000000000228e-06
5.000000000000000409e-06
-9.999999999999999547e-07
1.099999999999999971e-05
1.099999999999999971e-05
-0.000000000000000000e+00
-1.000000000000000082e-05
3.000000000000000076e-06
9.000000000000000228e-06
3.999999999999999819e-06
1.000000000000000082e-05
1.200000000000000030e-05
1.500000000000000038e-05
2.300000000000000002e-05
1.599999999999999928e-05
1.200000000000000030e-05
1.299999999999999920e-05
6.000000000000000152e-06
9.999999999999999547e-07
5.000000000000000409e-06
7.999999999999999638e-06
6.000000000000000152e-06
6.000000000000000152e-06
9.000000000000000228e-06
9.000000000000000228e-06
-1.999999999999999909e-06
-5.000000000000000409e-06
6.000000000000000152e-06
-3.000000000000000076e-06
1.999999999999999909e-06
9.999999999999999547e-07
9.999999999999999547e-07
-3.999999999999999819e-06
1.000000000000000082e-05
6.000000000000000152e-06
6.999999999999999895e-06
7.999999999999999638e-06
1.200000000000000030e-05
1.399999999999999979e-05
1.900000000000000105e-05
1.699999999999999987e-05
1.200000000000000030e-05
-3.999999999999999819e-06
9.999999999999999547e-07
1.099999999999999971e-05
2.099999999999999884e-05
2.500000000000000120e-05
1.699999999999999987e-05
6.000000000000000152e-06
2.099999999999999884e-05
1.699999999999999987e-05
3.000000000000000076e-06
1.200000000000000030e-05
1.900000000000000105e-05
1.399999999999999979e-05
1.000000000000000082e-05
5.000000000000000409e-06
6.999999999999999895e-06
1.299999999999999920e-05
6.000000000000000152e-06
5.000000000000000409e-06
1.399999999999999979e-05
7.999999999999999638e-06
-9.999999999999999547e-07
7.999999999999999638e-06
1.099999999999999971e-05
1.200000000000000030e-05
6.999999999999999895e-06
3.000000000000000076e-06
9.000000000000000228e-06
1.000000000000000082e-05
1.999999999999999909e-06
5.000000000000000409e-06
3.000000000000000076e-06
9.999999999999999547e-07
0.000000000000000000e+00
7.999999999999999638e-06
5.000000000000000409e-06
3.000000000000000076e-06
-9.999999999999999547e-07
-7.999999999999999638e-06
1.999999999999999909e-06
2.300000000000000002e-05
1.999999999999999909e-06
0.000000000000000000e+00
-0.000000000000000000e+00
3.000000000000000076e-06
6.000000000000000152e-06
-5.000000000000000409e-06
-1.999999999999999909e-06
-0.000000000000000000e+00
1.999999999999999909e-06
3.999999999999999819e-06
9.000000000000000228e-06
3.000000000000000076e-06
-9.999999999999999547e-07
-5.000000000000000409e-06
-1.299999999999999920e-05
-5.000000000000000409e-06
-9.000000000000000228e-06
-6.000000000000000152e-06
-1.999999999999999909e-06
-3.000000000000000076e-06
-3.000000000000000076e-06
1.999999999999999909e-06
3.999999999999999819e-06
-9.999999999999999547e-07
-9.999999999999999547e-07
-9.999999999999999547e-07
6.999999999999999895e-06
-1.999999999999999909e-06
-7.999999999999999638e-06
-1.399999999999999979e-05
-1.399999999999999979e-05
-5.000000000000000409e-06
-0.000000000000000000e+00
-3.999999999999999819e-06
1.399999999999999979e-05
1.699999999999999987e-05
6.000000000000000152e-06
-3.999999999999999819e-06
-6.000000000000000152e-06
-1.500000000000000038e-05
-2.099999999999999884e-05
-2.000000000000000164e-05
-1.200000000000000030e-05
-1.299999999999999920e-05
-1.599999999999999928e-05
-1.399999999999999979e-05
-1.399999999999999979e-05
-1.000000000000000082e-05
-1.200000000000000030e-05
-5.000000000000000409e-06
-3.999999999999999819e-06
-3.999999999999999819e-06
-1.500000000000000038e-05
-1.299999999999999920e-05
-1.999999999999999909e-06
1.999999999999999909e-06
-6.000000000000000152e-06
-5.000000000000000409e-06
-1.099999999999999971e-05
-1.699999999999999987e-05
1.999999999999999909e-06
1.999999999999999909e-06
-5.000000000000000409e-06
-6.000000000000000152e-06
9.999999999999999547e-07
-3.999999999999999819e-06
-9.000000000000000228e-06
-6.999999999999999895e-06
-5.000000000000000409e-06
-6.000000000000000152e-06
-7.999999999999999638e-06
-1.099999999999999971e-05
-3.000000000000000076e-06
-3.999999999999999819e-06
-3.000000000000000076e-06
-6.000000000000000152e-06
-7.999999999999999638e-06
-3.000000000000000076e-06
1.999999999999999909e-06
3.000000000000000076e-06
6.000000000000000152e-06
6.999999999999999895e-06
-3.999999999999999819e-06
1.999999999999999909e-06
-3.999999999999999819e-06
3.999999999999999819e-06
3.999999999999999819e-06
7.999999999999999638e-06
-9.999999999999999547e-07
-6.000000000000000152e-06
-3.000000000000000076e-06
-1.299999999999999920e-05
-2.099999999999999884e-05
-2.000000000000000164e-05
-1.500000000000000038e-05
-6.999999999999999895e-06
-1.599999999999999928e-05
-1.699999999999999987e-05
-6.999999999999999895e-06
-1.000000000000000082e-05
-1.999999999999999909e-06
-7.999999999999999638e-06
-1.599999999999999928e-05
-9.000000000000000228e-06
-5.000000000000000409e-06
1.999999999999999909e-06
6.000000000000000152e-06
-0.000000000000000000e+00
-3.999999999999999819e-06
0.000000000000000000e+00
-6.000000000000000152e-06
-1.000000000000000082e-05
-1.000000000000000082e-05
-6.000000000000000152e-06
6.999999999999999895e-06
-0.000000000000000000e+00
3.000000000000000076e-06
9.999999999999999547e-07
-0.000000000000000000e+00
-1.999999999999999909e-06
-1.999999999999999909e-06
1.399999999999999979e-05
-3.000000000000000076e-05
-3.100000000000000135e-05
-6.000000000000000152e-06
-3.999999999999999819e-06
1.999999999999999909e-06
6.000000000000000152e-06
3.999999999999999819e-06
6.000000000000000152e-06
-1.099999999999999971e-05
-3.999999999999999819e-06
1.200000000000000030e-05
-6.999999999999999895e-06
-3.499999999999999693e-05
-5.000000000000000409e-06
5.000000000000000409e-06
5.000000000000000409e-06
1.999999999999999909e-06
-6.999999999999999895e-06
1.099999999999999971e-05
5.000000000000000409e-06
-5.000000000000000409e-06
3.000000000000000076e-06
-1.099999999999999971e-05
-0.000000000000000000e+00
3.999999999999999819e-06
2.500000000000000120e-05
1.599999999999999928e-05
-6.999999999999999895e-06
6.000000000000000152e-06
2.000000000000000164e-05
7.999999999999999638e-06
-3.000000000000000076e-06
9.999999999999999547e-07
-3.000000000000000076e-06
-2.500000000000000120e-05
-7.999999999999999638e-06
2.699999999999999899e-05
1.099999999999999971e-05
1.900000000000000105e-05
2.900000000000000017e-05
9.999999999999999547e-07
2.099999999999999884e-05
3.499999999999999693e-05
1.900000000000000105e-05
-1.200000000000000030e-05
5.000000000000000409e-06
1.399999999999999979e-05
-3.000000000000000076e-06
6.000000000000000152e-06
3.999999999999999819e-06
-2.000000000000000164e-05
-1.299999999999999920e-05
-6.999999999999999895e-06
1.999999999999999909e-06
-1.000000000000000082e-05
-1.699999999999999987e-05
1.200000000000000030e-05
9.999999999999999547e-07
-1.399999999999999979e-05
-3.000000000000000076e-05
-2.400000000000000061e-05
-5.000000000000000409e-06
3.600000000000000091e-05
2.199999999999999943e-05
-6.000000000000000152e-06
2.699999999999999899e-05
3.499999999999999693e-05
1.500000000000000038e-05
1.399999999999999979e-05
1.900000000000000105e-05
-3.000000000000000076e-06
-3.000000000000000076e-06
3.000000000000000076e-06
-9.000000000000000228e-06
1.999999999999999909e-06
6.999999999999999895e-06
-3.000000000000000076e-06
1.099999999999999971e-05
2.199999999999999943e-05
-1.200000000000000030e-05
-2.300000000000000002e-05
2.500000000000000120e-05
3.199999999999999855e-05
2.300000000000000002e-05
2.000000000000000164e-05
1.900000000000000105e-05
3.199999999999999855e-05
-1.999999999999999909e-06
1.099999999999999971e-05
6.000000000000000152e-06
1.500000000000000038e-05
-3.999999999999999819e-06
3.600000000000000091e-05
2.500000000000000120e-05
9.000000000000000228e-06
1.299999999999999920e-05
0.000000000000000000e+00
-6.000000000000000152e-06
-9.999999999999999547e-07
9.000000000000000228e-06
1.399999999999999979e-05
3.000000000000000076e-06
9.999999999999999547e-07
-6.000000000000000152e-06
-1.900000000000000105e-05
2.900000000000000017e-05
2.099999999999999884e-05
3.999999999999999819e-06
1.299999999999999920e-05
6.999999999999999895e-06
3.999999999999999819e-06
-1.999999999999999909e-06
-9.000000000000000228e-06
-1.099999999999999971e-05
-1.699999999999999987e-05
3.100000000000000135e-05
3.699999999999999811e-05
-5.099999999999999960e-05
-2.599999999999999840e-05
5.000000000000000409e-06
-2.000000000000000164e-05
-2.300000000000000002e-05
-7.999999999999999638e-06
-2.199999999999999943e-05
-9.000000000000000228e-06
-1.900000000000000105e-05
-2.599999999999999840e-05
-7.999999999999999638e-06
-1.000000000000000082e-05
-1.800000000000000046e-05
-2.599999999999999840e-05
-4.699999999999999724e-05
2.500000000000000120e-05
-2.300000000000000002e-05
-1.299999999999999920e-05
0.000000000000000000e+00
-1.299999999999999920e-05
-1.800000000000000046e-05
2.699999999999999899e-05
1.399999999999999979e-05
-6.999999999999999895e-06
-3.999999999999999819e-06
-3.999999999999999819e-06
-3.999999999999999819e-06
-1.800000000000000046e-05
-2.099999999999999884e-05
-3.100000000000000135e-05
-1.200000000000000030e-05
-9.999999999999999547e-07
-2.099999999999999884e-05
-2.500000000000000120e-05
-3.399999999999999973e-05
-2.400000000000000061e-05
2.599999999999999840e-05
-2.599999999999999840e-05
-2.500000000000000120e-05
-1.599999999999999928e-05
9.000000000000000228e-06
-3.899999999999999929e-05
-2.400000000000000061e-05
-5.000000000000000409e-06
-3.199999999999999855e-05
-1.500000000000000038e-05
1.500000000000000038e-05
-5.000000000000000409e-06
-6.999999999999999895e-06
-4.199999999999999768e-05
-6.999999999999999895e-06
5.000000000000000409e-06
-2.500000000000000120e-05
-2.400000000000000061e-05
5.700000000000000314e-05
5.300000000000000078e-05
7.999999999999999638e-06
-2.300000000000000002e-05
-6.000000000000000152e-06
7.999999999999999638e-06
-2.199999999999999943e-05
-1.299999999999999920e-05
-2.900000000000000017e-05
-2.300000000000000002e-05
1.500000000000000038e-05
7.299999999999999903e-05
-1.999999999999999909e-06
-1.200000000000000030e-05
5.599999999999999916e-05
6.200000000000000270e-05
-2.599999999999999840e-05
2.300000000000000002e-05
3.999999999999999819e-06
-1.800000000000000046e-05
9.000000000000000228e-06
1.399999999999999979e-05
-9.000000000000000228e-06
1.000000000000000082e-05
-0.000000000000000000e+00
2.400000000000000061e-05
1.019999999999999992e-04
1.240000000000000054e-04
6.000000000000000152e-06
-3.899999999999999929e-05
9.999999999999999547e-07
-1.099999999999999971e-05
-1.800000000000000046e-05
2.599999999999999840e-05
9.799999999999999684e-05
-7.100000000000000462e-05
1.099999999999999971e-05
-3.000000000000000076e-06
-1.299999999999999920e-05
-3.899999999999999929e-05
5.599999999999999916e-05
8.700000000000000051e-05
-2.400000000000000061e-05
1.500000000000000038e-05
7.499999999999999343e-05
1.949999999999999965e-04
7.399999999999999623e-05
6.000000000000000152e-06
2.599999999999999840e-05
-1.399999999999999979e-05
3.999999999999999819e-06
-4.100000000000000047e-05
4.600000000000000004e-05
5.500000000000000196e-05
-3.999999999999999819e-06
8.600000000000000331e-05
-4.800000000000000122e-05
2.699999999999999899e-05
1.500000000000000038e-05
-1.500000000000000038e-05
2.199999999999999943e-05
-6.999999999999999387e-05
-3.600000000000000091e-05
-3.600000000000000091e-05
-1.200000000000000030e-05
-3.399999999999999973e-05
5.000000000000000409e-06
1.099999999999999971e-05
4.600000000000000004e-05
-6.700000000000000226e-05
-3.399999999999999973e-05
-5.000000000000000240e-05
1.999999999999999909e-06
1.029999999999999964e-04
-9.000000000000000228e-06
5.000000000000000409e-06
-7.200000000000000182e-05
-1.160000000000000007e-04
-6.000000000000000152e-05
1.800000000000000046e-05
-4.199999999999999768e-05
-5.599999999999999916e-05
-8.299999999999999815e-05
-3.699999999999999811e-05
-6.099999999999999872e-05
-1.800000000000000046e-05
-6.899999999999999667e-05
-5.000000000000000409e-06
-7.700000000000000139e-05
-5.599999999999999916e-05
-2.500000000000000120e-05
-5.800000000000000034e-05
-5.399999999999999798e-05
-1.800000000000000046e-05
1.500000000000000038e-05
6.999999999999999895e-06
5.300000000000000078e-05
-8.799999999999999771e-05
-1.900000000000000105e-05
-5.300000000000000078e-05
-5.000000000000000240e-05
-6.000000000000000152e-06
2.000000000000000164e-05
-5.800000000000000034e-05
-4.199999999999999768e-05
-1.800000000000000046e-05
-4.000000000000000327e-05
-3.499999999999999693e-05
-5.000000000000000409e-06
-1.000000000000000082e-05
-1.900000000000000105e-05
1.000000000000000082e-05
2.900000000000000017e-05
-6.499999999999999431e-05
-1.900000000000000105e-05
1.699999999999999987e-05
2.599999999999999840e-05
-3.699999999999999811e-05
2.900000000000000017e-05
3.100000000000000135e-05
-9.999999999999999547e-07
-5.700000000000000314e-05
4.800000000000000122e-05
3.199999999999999855e-05
-3.899999999999999929e-05
3.999999999999999819e-06
3.699999999999999811e-05
-0.000000000000000000e+00
-3.800000000000000209e-05
0.000000000000000000e+00
7.999999999999999638e-06
-1.599999999999999928e-05
-1.800000000000000046e-05
-9.999999999999999547e-07
3.399999999999999973e-05
6.499999999999999431e-05
1.200000000000000030e-05
2.300000000000000002e-05
1.000000000000000082e-05
2.400000000000000061e-05
-3.999999999999999819e-06
2.400000000000000061e-05
1.500000000000000038e-05
1.099999999999999971e-05
-0.000000000000000000e+00
1.599999999999999928e-05
-3.999999999999999819e-06
3.999999999999999819e-06
4.600000000000000004e-05
-6.999999999999999895e-06
-3.300000000000000253e-05
1.800000000000000046e-05
3.899999999999999929e-05
5.099999999999999960e-05
1.599999999999999928e-05
-1.500000000000000038e-05
1.399999999999999979e-05
1.800000000000000046e-05
2.799999999999999958e-05
8.799999999999999771e-05
5.000000000000000409e-06
-2.400000000000000061e-05
6.000000000000000152e-06
9.999999999999999547e-07
4.899999999999999842e-05
1.599999999999999928e-05
2.900000000000000017e-05
9.999999999999999547e-07
-2.500000000000000120e-05
6.000000000000000152e-06
6.799999999999999946e-05
9.000000000000000228e-06
1.599999999999999928e-05
-9.000000000000000228e-06
2.900000000000000017e-05
-9.999999999999999547e-07
-2.799999999999999958e-05
-1.299999999999999920e-05
1.099999999999999971e-05
2.300000000000000002e-05
3.499999999999999693e-05
4.500000000000000283e-05
-6.700000000000000226e-05
4.600000000000000004e-05
5.099999999999999960e-05
-3.999999999999999819e-06
1.999999999999999909e-06
6.000000000000000152e-06
7.999999999999999638e-06
2.400000000000000061e-05
1.399999999999999979e-05
-9.999999999999999547e-07
-6.000000000000000152e-06
2.900000000000000017e-05
3.000000000000000076e-05
-3.100000000000000135e-05
-2.199999999999999943e-05
3.000000000000000076e-05
6.000000000000000152e-06
1.099999999999999971e-05
3.199999999999999855e-05
6.999999999999999895e-06
-3.000000000000000076e-06
-1.099999999999999971e-05
4.199999999999999768e-05
-3.199999999999999855e-05
2.599999999999999840e-05
6.899999999999999667e-05
5.500000000000000196e-05
-1.399999999999999979e-05
3.000000000000000076e-06
2.300000000000000002e-05
-4.899999999999999842e-05
3.999999999999999819e-06
-3.000000000000000076e-06
2.300000000000000002e-05
1.000000000000000082e-05
-3.199999999999999855e-05
-1.200000000000000030e-05
2.599999999999999840e-05
3.000000000000000076e-06
-1.999999999999999909e-06
1.500000000000000038e-05
-2.599999999999999840e-05
-3.399999999999999973e-05
1.500000000000000038e-05
7.399999999999999623e-05
1.299999999999999920e-05
1.200000000000000030e-05
1.500000000000000038e-05
1.999999999999999909e-06
5.300000000000000078e-05
2.000000000000000164e-05
7.999999999999999638e-06
3.100000000000000135e-05
1.399999999999999979e-05
-1.699999999999999987e-05
1.500000000000000038e-05
1.399999999999999979e-05
7.999999999999999638e-06
-5.599999999999999916e-05
1.800000000000000046e-05
2.799999999999999958e-05
6.000000000000000152e-06
-1.599999999999999928e-05
-2.099999999999999884e-05
-1.900000000000000105e-05
5.000000000000000409e-06
1.699999999999999987e-05
4.899999999999999842e-05
-4.699999999999999724e-05
-2.799999999999999958e-05
1.900000000000000105e-05
1.500000000000000038e-05
-9.999999999999999547e-07
6.999999999999999895e-06
2.300000000000000002e-05
0.000000000000000000e+00
0.000000000000000000e+00
-1.200000000000000030e-05
-6.999999999999999895e-06
-3.899999999999999929e-05
-2.000000000000000164e-05
-1.699999999999999987e-05
-2.099999999999999884e-05
-3.199999999999999855e-05
-2.599999999999999840e-05
9.000000000000000228e-06
-1.099999999999999971e-05
2.400000000000000061e-05
-2.199999999999999943e-05
-7.999999999999999638e-06
-0.000000000000000000e+00
5.000000000000000409e-06
-1.800000000000000046e-05
-2.599999999999999840e-05
1.800000000000000046e-05
1.200000000000000030e-05
0.000000000000000000e+00
-1.500000000000000038e-05
-1.000000000000000082e-05
1.200000000000000030e-05
1.999999999999999909e-06
-1.999999999999999909e-06
-5.500000000000000196e-05
-1.900000000000000105e-05
-3.300000000000000253e-05
2.000000000000000164e-05
2.599999999999999840e-05
3.000000000000000076e-06
-4.100000000000000047e-05
-3.499999999999999693e-05
-2.000000000000000164e-05
-3.999999999999999819e-06
-1.399999999999999979e-05
1.800000000000000046e-05
6.000000000000000152e-06
-1.099999999999999971e-05
-1.900000000000000105e-05
1.099999999999999971e-05
-1.800000000000000046e-05
1.299999999999999920e-05
6.999999999999999895e-06
9.999999999999999547e-07
-9.000000000000000228e-06
3.999999999999999819e-06
3.000000000000000076e-06
-3.499999999999999693e-05
-2.799999999999999958e-05
-3.000000000000000076e-06
-1.200000000000000030e-05
1.000000000000000082e-05
-6.999999999999999895e-06
-7.999999999999999638e-06
6.000000000000000152e-06
9.999999999999999547e-07
-6.999999999999999895e-06
2.500000000000000120e-05
-1.500000000000000038e-05
-9.999999999999999547e-07
2.400000000000000061e-05
1.599999999999999928e-05
-2.400000000000000061e-05
-3.999999999999999819e-06
-1.900000000000000105e-05
-1.500000000000000038e-05
9.999999999999999547e-07
-7.999999999999999638e-06
-9.999999999999999547e-07
1.299999999999999920e-05
9.000000000000000228e-06
2.500000000000000120e-05
-0.000000000000000000e+00
-2.699999999999999899e-05
-1.200000000000000030e-05
2.099999999999999884e-05
-1.299999999999999920e-05
-3.999999999999999819e-06
-1.399999999999999979e-05
-2.900000000000000017e-05
-1.000000000000000082e-05
1.800000000000000046e-05
1.500000000000000038e-05
-9.999999999999999547e-07
7.999999999999999638e-06
-1.500000000000000038e-05
-2.099999999999999884e-05
-9.000000000000000228e-06
-1.699999999999999987e-05
-1.999999999999999909e-06
-3.999999999999999819e-06
-5.000000000000000409e-06
9.999999999999999547e-07
-1.200000000000000030e-05
-1.999999999999999909e-06
-5.000000000000000409e-06
-1.999999999999999909e-06
-3.000000000000000076e-06
9.000000000000000228e-06
-1.599999999999999928e-05
-1.599999999999999928e-05
9.000000000000000228e-06
2.500000000000000120e-05
7.999999999999999638e-06
5.000000000000000409e-06
6.000000000000000152e-06
-0.000000000000000000e+00
-3.999999999999999819e-06
-1.500000000000000038e-05
-1.699999999999999987e-05
-3.100000000000000135e-05
-2.699999999999999899e-05
-1.500000000000000038e-05
-1.599999999999999928e-05
-9.000000000000000228e-06
-2.000000000000000164e-05
-2.300000000000000002e-05
-6.999999999999999895e-06
9.000000000000000228e-06
-7.999999999999999638e-06
-2.099999999999999884e-05
-2.000000000000000164e-05
-2.900000000000000017e-05
-2.199999999999999943e-05
-6.000000000000000152e-06
-1.200000000000000030e-05
-1.399999999999999979e-05
-2.199999999999999943e-05
-1.699999999999999987e-05
-1.599999999999999928e-05
-3.999999999999999819e-06
-3.000000000000000076e-06
-7.999999999999999638e-06
-2.599999999999999840e-05
-1.900000000000000105e-05
-1.099999999999999971e-05
-1.200000000000000030e-05
-1.599999999999999928e-05
-9.999999999999999547e-07
1.200000000000000030e-05
3.000000000000000076e-06
-9.999999999999999547e-07
-6.999999999999999895e-06
-6.999999999999999895e-06
-3.000000000000000076e-06
1.599999999999999928e-05
1.800000000000000046e-05
2.099999999999999884e-05
5.000000000000000409e-06
-7.999999999999999638e-06
-9.000000000000000228e-06
7.999999999999999638e-06
9.000000000000000228e-06
1.200000000000000030e-05
1.699999999999999987e-05
9.000000000000000228e-06
-6.000000000000000152e-06
-1.999999999999999909e-06
-3.999999999999999819e-06
9.000000000000000228e-06
-1.099999999999999971e-05
-3.999999999999999819e-06
-6.000000000000000152e-06
-9.999999999999999547e-07
3.000000000000000076e-06
1.999999999999999909e-06
-3.000000000000000076e-06
1.399999999999999979e-05
1.000000000000000082e-05
9.999999999999999547e-07
1.800000000000000046e-05
5.899999999999999754e-05
4.899999999999999842e-05
3.199999999999999855e-05
4.000000000000000327e-05
4.300000000000000165e-05
4.100000000000000047e-05
1.800000000000000046e-05
2.900000000000000017e-05
1.299999999999999920e-05
1.399999999999999979e-05
-1.099999999999999971e-05
-2.000000000000000164e-05
-6.999999999999999895e-06
2.400000000000000061e-05
3.899999999999999929e-05
3.000000000000000076e-05
-1.299999999999999920e-05
-1.599999999999999928e-05
1.399999999999999979e-05
5.300000000000000078e-05
5.199999999999999680e-05
3.199999999999999855e-05
2.599999999999999840e-05
2.599999999999999840e-05
2.000000000000000164e-05
4.199999999999999768e-05
5.099999999999999960e-05
3.399999999999999973e-05
1.800000000000000046e-05
2.500000000000000120e-05
3.000000000000000076e-05
1.900000000000000105e-05
-3.000000000000000076e-06
4.100000000000000047e-05
5.500000000000000196e-05
3.699999999999999811e-05
2.500000000000000120e-05
-1.000000000000000082e-05
7.999999999999999638e-06
4.500000000000000283e-05
3.699999999999999811e-05
1.599999999999999928e-05
1.599999999999999928e-05
2.000000000000000164e-05
2.199999999999999943e-05
2.300000000000000002e-05
2.799999999999999958e-05
5.300000000000000078e-05
2.500000000000000120e-05
1.599999999999999928e-05
1.000000000000000082e-05
1.599999999999999928e-05
1.000000000000000082e-05
1.099999999999999971e-05
1.399999999999999979e-05
9.000000000000000228e-06
3.899999999999999929e-05
2.000000000000000164e-05
1.399999999999999979e-05
6.999999999999999895e-06
9.000000000000000228e-06
3.800000000000000209e-05
-6.000000000000000152e-06
-3.000000000000000076e-06
7.999999999999999638e-06
2.599999999999999840e-05
9.000000000000000228e-06
5.000000000000000409e-06
6.999999999999999895e-06
-6.000000000000000152e-06
-5.000000000000000409e-06
-5.000000000000000409e-06
-1.500000000000000038e-05
-6.999999999999999895e-06
-9.999999999999999547e-07
-9.000000000000000228e-06
-1.000000000000000082e-05
-1.399999999999999979e-05
-6.000000000000000152e-06
-6.000000000000000152e-06
9.999999999999999547e-07
-9.000000000000000228e-06
-1.800000000000000046e-05
-7.999999999999999638e-06
-2.699999999999999899e-05
-3.300000000000000253e-05
-4.300000000000000165e-05
-6.799999999999999946e-05
-2.500000000000000120e-05
1.099999999999999971e-05
-0.000000000000000000e+00
-2.799999999999999958e-05
-3.899999999999999929e-05
-3.199999999999999855e-05
-5.000000000000000409e-06
9.999999999999999547e-07
-2.599999999999999840e-05
-3.199999999999999855e-05
-3.899999999999999929e-05
-4.199999999999999768e-05
-3.100000000000000135e-05
-3.699999999999999811e-05
-4.399999999999999886e-05
-4.699999999999999724e-05
-3.000000000000000076e-05
-1.099999999999999971e-05
-1.900000000000000105e-05
-2.300000000000000002e-05
-3.199999999999999855e-05
-2.500000000000000120e-05
-4.000000000000000327e-05
-5.500000000000000196e-05
-4.300000000000000165e-05
-2.500000000000000120e-05
-7.999999999999999638e-06
-3.300000000000000253e-05
-4.100000000000000047e-05
-3.199999999999999855e-05
-3.300000000000000253e-05
-3.800000000000000209e-05
-4.300000000000000165e-05
-4.199999999999999768e-05
-2.799999999999999958e-05
-2.099999999999999884e-05
-1.800000000000000046e-05
-1.099999999999999971e-05
-1.999999999999999909e-06
-2.799999999999999958e-05
-3.499999999999999693e-05
-2.599999999999999840e-05
-1.900000000000000105e-05
-2.799999999999999958e-05
-3.000000000000000076e-05
-2.699999999999999899e-05
-1.699999999999999987e-05
-2.099999999999999884e-05
-2.199999999999999943e-05
-3.399999999999999973e-05
-3.600000000000000091e-05
-3.499999999999999693e-05
-3.499999999999999693e-05
-3.600000000000000091e-05
-3.499999999999999693e-05
-2.500000000000000120e-05
-1.500000000000000038e-05
-1.000000000000000082e-05
-2.500000000000000120e-05
-2.599999999999999840e-05
-2.500000000000000120e-05
-2.599999999999999840e-05
-3.000000000000000076e-06
7.999999999999999638e-06
-7.999999999999999638e-06
-2.500000000000000120e-05
-1.399999999999999979e-05
-7.999999999999999638e-06
-1.000000000000000082e-05
-1.200000000000000030e-05
-5.000000000000000409e-06
-6.000000000000000152e-06
-1.200000000000000030e-05
-6.999999999999999895e-06
-7.999999999999999638e-06
-6.999999999999999895e-06
-3.999999999999999819e-06
-9.999999999999999547e-07
-6.000000000000000152e-06
-3.999999999999999819e-06
3.000000000000000076e-06
5.000000000000000409e-06
-5.000000000000000409e-06
-9.000000000000000228e-06
1.500000000000000038e-05
2.799999999999999958e-05
1.399999999999999979e-05
1.399999999999999979e-05
3.999999999999999819e-06
3.000000000000000076e-06
9.999999999999999547e-07
1.200000000000000030e-05
2.400000000000000061e-05
1.299999999999999920e-05
1.699999999999999987e-05
1.000000000000000082e-05
-3.999999999999999819e-06
5.000000000000000409e-06
2.300000000000000002e-05
1.299999999999999920e-05
6.999999999999999895e-06
1.500000000000000038e-05
9.000000000000000228e-06
-0.000000000000000000e+00
3.999999999999999819e-06
9.000000000000000228e-06
3.000000000000000076e-06
3.000000000000000076e-06
5.000000000000000409e-06
6.999999999999999895e-06
-1.900000000000000105e-05
-5.000000000000000409e-06
2.699999999999999899e-05
2.500000000000000120e-05
2.300000000000000002e-05
9.000000000000000228e-06
1.999999999999999909e-06
2.099999999999999884e-05
1.200000000000000030e-05
-1.200000000000000030e-05
3.999999999999999819e-06
1.200000000000000030e-05
1.099999999999999971e-05
1.299999999999999920e-05
1.399999999999999979e-05
1.500000000000000038e-05
7.999999999999999638e-06
-9.999999999999999547e-07
3.000000000000000076e-06
-0.000000000000000000e+00
3.000000000000000076e-06
-9.999999999999999547e-07
7.999999999999999638e-06
1.200000000000000030e-05
1.599999999999999928e-05
1.299999999999999920e-05
6.000000000000000152e-06
1.099999999999999971e-05
1.699999999999999987e-05
6.999999999999999895e-06
1.900000000000000105e-05
6.999999999999999895e-06
6.000000000000000152e-06
1.399999999999999979e-05
1.399999999999999979e-05
2.300000000000000002e-05
2.400000000000000061e-05
1.500000000000000038e-05
1.599999999999999928e-05
7.999999999999999638e-06
9.000000000000000228e-06
1.299999999999999920e-05
1.999999999999999909e-06
3.999999999999999819e-06
6.999999999999999895e-06
1.800000000000000046e-05
1.900000000000000105e-05
6.999999999999999895e-06
3.999999999999999819e-06
1.699999999999999987e-05
1.000000000000000082e-05
1.599999999999999928e-05
1.200000000000000030e-05
1.800000000000000046e-05
1.599999999999999928e-05
1.399999999999999979e-05
2.199999999999999943e-05
2.099999999999999884e-05
2.099999999999999884e-05
1.900000000000000105e-05
1.500000000000000038e-05
1.000000000000000082e-05
1.599999999999999928e-05
2.599999999999999840e-05
2.400000000000000061e-05
2.400000000000000061e-05
1.599999999999999928e-05
9.999999999999999547e-07
-6.000000000000000152e-06
1.000000000000000082e-05
1.800000000000000046e-05
1.599999999999999928e-05
0.000000000000000000e+00
6.999999999999999895e-06
9.999999999999999547e-07
-3.999999999999999819e-06
7.999999999999999638e-06
7.999999999999999638e-06
3.999999999999999819e-06
2.199999999999999943e-05
2.900000000000000017e-05
1.800000000000000046e-05
7.999999999999999638e-06
-1.599999999999999928e-05
-9.999999999999999547e-07
6.000000000000000152e-06
-3.000000000000000076e-06
1.399999999999999979e-05
1.200000000000000030e-05
1.000000000000000082e-05
-3.999999999999999819e-06
-9.999999999999999547e-07
-6.000000000000000152e-06
-1.999999999999999909e-06
3.000000000000000076e-06
-3.000000000000000076e-06
-9.999999999999999547e-07
-6.000000000000000152e-06
-6.999999999999999895e-06
-3.000000000000000076e-06
0.000000000000000000e+00
-1.299999999999999920e-05
-6.999999999999999895e-06
-3.999999999999999819e-06
-1.099999999999999971e-05
9.999999999999999547e-07
-0.000000000000000000e+00
-3.999999999999999819e-06
-1.099999999999999971e-05
-7.999999999999999638e-06
-3.000000000000000076e-06
-1.299999999999999920e-05
-1.299999999999999920e-05
3.999999999999999819e-06
3.999999999999999819e-06
3.000000000000000076e-06
3.999999999999999819e-06
-3.999999999999999819e-06
-1.099999999999999971e-05
-6.000000000000000152e-06
-0.000000000000000000e+00
-1.999999999999999909e-06
-9.999999999999999547e-07
1.099999999999999971e-05
9.999999999999999547e-07
-3.999999999999999819e-06
-7.999999999999999638e-06
-3.000000000000000076e-06
3.000000000000000076e-06
9.999999999999999547e-07
-9.999999999999999547e-07
1.999999999999999909e-06
1.000000000000000082e-05
1.500000000000000038e-05
1.299999999999999920e-05
1.399999999999999979e-05
7.999999999999999638e-06
0.000000000000000000e+00
1.200000000000000030e-05
9.999999999999999547e-07
3.999999999999999819e-06
-3.000000000000000076e-06
5.000000000000000409e-06
9.000000000000000228e-06
-9.999999999999999547e-07
-3.999999999999999819e-06
-6.999999999999999895e-06
-1.099999999999999971e-05
-0.000000000000000000e+00
3.000000000000000076e-06
-9.000000000000000228e-06
1.000000000000000082e-05
1.999999999999999909e-06
7.999999999999999638e-06
3.999999999999999819e-06
-9.999999999999999547e-07
1.399999999999999979e-05
2.199999999999999943e-05
3.999999999999999819e-06
-1.000000000000000082e-05
-9.000000000000000228e-06
6.000000000000000152e-06
1.699999999999999987e-05
9.000000000000000228e-06
-9.999999999999999547e-07
6.000000000000000152e-06
1.699999999999999987e-05
1.500000000000000038e-05
3.000000000000000076e-06
6.000000000000000152e-06
5.000000000000000409e-06
9.999999999999999547e-07
-9.999999999999999547e-07
5.000000000000000409e-06
6.000000000000000152e-06
1.299999999999999920e-05
1.000000000000000082e-05
1.200000000000000030e-05
7.999999999999999638e-06
-5.000000000000000409e-06
1.299999999999999920e-05
-0.000000000000000000e+00
5.000000000000000409e-06
1.800000000000000046e-05
3.000000000000000076e-05
1.500000000000000038e-05
7.999999999999999638e-06
5.000000000000000409e-06
-9.999999999999999547e-07
3.999999999999999819e-06
7.999999999999999638e-06
5.000000000000000409e-06
-1.999999999999999909e-06
3.999999999999999819e-06
0.000000000000000000e+00
-9.999999999999999547e-07
-0.000000000000000000e+00
-9.999999999999999547e-07
0.000000000000000000e+00
3.999999999999999819e-06
-1.099999999999999971e-05
-1.800000000000000046e-05
-1.299999999999999920e-05
-3.000000000000000076e-06
-5.000000000000000409e-06
-2.199999999999999943e-05
-3.999999999999999819e-06
7.999999999999999638e-06
1.200000000000000030e-05
-1.999999999999999909e-06
-3.000000000000000076e-06
-0.000000000000000000e+00
3.999999999999999819e-06
-3.000000000000000076e-06
-3.999999999999999819e-06
3.000000000000000076e-06
-6.999999999999999895e-06
-1.399999999999999979e-05
-6.999999999999999895e-06
-0.000000000000000000e+00
-1.000000000000000082e-05
-1.699999999999999987e-05
-1.699999999999999987e-05
-1.800000000000000046e-05
6.000000000000000152e-06
-1.800000000000000046e-05
-1.200000000000000030e-05
-1.299999999999999920e-05
-1.500000000000000038e-05
-1.399999999999999979e-05
-5.000000000000000409e-06
-1.299999999999999920e-05
-2.000000000000000164e-05
-3.999999999999999819e-06
-9.000000000000000228e-06
-6.999999999999999895e-06
-2.000000000000000164e-05
-1.900000000000000105e-05
-1.000000000000000082e-05
1.999999999999999909e-06
0.000000000000000000e+00
-5.000000000000000409e-06
-1.500000000000000038e-05
1.999999999999999909e-06
1.299999999999999920e-05
-1.900000000000000105e-05
-2.199999999999999943e-05
-1.200000000000000030e-05
-3.000000000000000076e-06
5.000000000000000409e-06
0.000000000000000000e+00
-1.200000000000000030e-05
-2.900000000000000017e-05
-1.900000000000000105e-05
-5.000000000000000409e-06
-1.900000000000000105e-05
-1.399999999999999979e-05
-9.000000000000000228e-06
9.999999999999999547e-07
-1.299999999999999920e-05
6.000000000000000152e-06
7.999999999999999638e-06
-6.999999999999999895e-06
-9.000000000000000228e-06
-6.000000000000000152e-06
1.699999999999999987e-05
1.099999999999999971e-05
-5.000000000000000409e-06
-1.099999999999999971e-05
-1.000000000000000082e-05
-1.999999999999999909e-06
-3.999999999999999819e-06
-1.599999999999999928e-05
-3.999999999999999819e-06
9.999999999999999547e-07
-1.000000000000000082e-05
-3.000000000000000076e-05
-1.500000000000000038e-05
-1.500000000000000038e-05
-7.999999999999999638e-06
6.999999999999999895e-06
-9.999999999999999547e-07
9.999999999999999547e-07
-5.000000000000000409e-06
-9.999999999999999547e-07
6.000000000000000152e-06
5.000000000000000409e-06
3.000000000000000076e-06
-5.000000000000000409e-06
5.000000000000000409e-06
5.000000000000000409e-06
6.999999999999999895e-06
-2.799999999999999958e-05
-4.100000000000000047e-05
-1.399999999999999979e-05
-1.599999999999999928e-05
-6.000000000000000152e-06
-3.999999999999999819e-06
1.099999999999999971e-05
9.000000000000000228e-06
-3.999999999999999819e-06
-0.000000000000000000e+00
3.999999999999999819e-06
-5.000000000000000409e-06
-1.900000000000000105e-05
-2.000000000000000164e-05
-1.999999999999999909e-06
1.699999999999999987e-05
1.200000000000000030e-05
1.099999999999999971e-05
6.999999999999999895e-06
3.000000000000000076e-06
3.000000000000000076e-06
1.299999999999999920e-05
-1.999999999999999909e-06
9.000000000000000228e-06
5.000000000000000409e-06
-9.999999999999999547e-07
6.000000000000000152e-06
1.999999999999999909e-06
1.699999999999999987e-05
9.000000000000000228e-06
6.000000000000000152e-06
7.999999999999999638e-06
5.000000000000000409e-06
-1.999999999999999909e-06
3.999999999999999819e-06
1.000000000000000082e-05
1.399999999999999979e-05
2.400000000000000061e-05
5.000000000000000409e-06
1.699999999999999987e-05
1.000000000000000082e-05
-5.000000000000000409e-06
0.000000000000000000e+00
2.599999999999999840e-05
3.100000000000000135e-05
3.000000000000000076e-06
-1.200000000000000030e-05
-0.000000000000000000e+00
2.699999999999999899e-05
2.000000000000000164e-05
1.599999999999999928e-05
1.399999999999999979e-05
1.699999999999999987e-05
-0.000000000000000000e+00
-1.999999999999999909e-06
1.500000000000000038e-05
-7.999999999999999638e-06
-2.000000000000000164e-05
-1.999999999999999909e-06
9.000000000000000228e-06
6.999999999999999895e-06
9.000000000000000228e-06
1.099999999999999971e-05
1.000000000000000082e-05
5.000000000000000409e-06
7.999999999999999638e-06
1.000000000000000082e-05
0.000000000000000000e+00
1.000000000000000082e-05
1.999999999999999909e-06
-5.000000000000000409e-06
-6.000000000000000152e-06
-5.000000000000000409e-06
5.000000000000000409e-06
1.200000000000000030e-05
-3.000000000000000076e-06
-6.999999999999999895e-06
-3.999999999999999819e-06
-0.000000000000000000e+00
3.999999999999999819e-06
0.000000000000000000e+00
-1.999999999999999909e-06
5.000000000000000409e-06
5.000000000000000409e-06
-9.999999999999999547e-07
-3.999999999999999819e-06
9.999999999999999547e-07
1.999999999999999909e-06
1.000000000000000082e-05
1.999999999999999909e-06
1.599999999999999928e-05
1.900000000000000105e-05
6.999999999999999895e-06
-7.999999999999999638e-06
-5.000000000000000409e-06
1.999999999999999909e-06
-1.999999999999999909e-06
9.999999999999999547e-07
-0.000000000000000000e+00
1.999999999999999909e-06
2.199999999999999943e-05
1.599999999999999928e-05
6.999999999999999895e-06
-1.999999999999999909e-06
-3.999999999999999819e-06
-3.000000000000000076e-06
-6.000000000000000152e-06
-3.999999999999999819e-06
-6.000000000000000152e-06
-6.000000000000000152e-06
-3.000000000000000076e-06
-7.999999999999999638e-06
3.999999999999999819e-06
6.000000000000000152e-06
-3.000000000000000076e-06
-6.000000000000000152e-06
-1.200000000000000030e-05
-2.699999999999999899e-05
-2.699999999999999899e-05
-1.099999999999999971e-05
6.000000000000000152e-06
-6.000000000000000152e-06
6.000000000000000152e-06
-5.000000000000000409e-06
-6.000000000000000152e-06
3.999999999999999819e-06
6.999999999999999895e-06
-1.099999999999999971e-05
-1.299999999999999920e-05
-9.000000000000000228e-06
-1.000000000000000082e-05
-6.999999999999999895e-06
-1.500000000000000038e-05
-1.000000000000000082e-05
3.000000000000000076e-06
-1.200000000000000030e-05
-3.999999999999999819e-06
3.999999999999999819e-06
-1.699999999999999987e-05
-3.000000000000000076e-06
9.999999999999999547e-07
-7.999999999999999638e-06
-1.299999999999999920e-05
-5.000000000000000409e-06
-1.399999999999999979e-05
6.000000000000000152e-06
-6.999999999999999895e-06
-6.000000000000000152e-06
-3.999999999999999819e-06
-6.999999999999999895e-06
-9.000000000000000228e-06
-1.000000000000000082e-05
-5.000000000000000409e-06
5.000000000000000409e-06
3.999999999999999819e-06
9.999999999999999547e-07
-3.999999999999999819e-06
0.000000000000000000e+00
5.000000000000000409e-06
-0.000000000000000000e+00
-3.999999999999999819e-06
-9.999999999999999547e-07
-7.999999999999999638e-06
1.999999999999999909e-06
0.000000000000000000e+00
-9.000000000000000228e-06
-1.299999999999999920e-05
-7.999999999999999638e-06
6.000000000000000152e-06
-3.000000000000000076e-06
-7.999999999999999638e-06
-2.000000000000000164e-05
-6.000000000000000152e-06
6.000000000000000152e-06
1.299999999999999920e-05
1.999999999999999909e-06
-6.999999999999999895e-06
-1.999999999999999909e-06
-1.299999999999999920e-05
-5.000000000000000409e-06
7.999999999999999638e-06
1.500000000000000038e-05
9.000000000000000228e-06
3.000000000000000076e-06
7.999999999999999638e-06
3.999999999999999819e-06
-3.999999999999999819e-06
-1.399999999999999979e-05
-1.299999999999999920e-05
-0.000000000000000000e+00
1.399999999999999979e-05
-6.999999999999999895e-06
-6.999999999999999895e-06
6.999999999999999895e-06
1.999999999999999909e-06
-6.999999999999999895e-06
-3.000000000000000076e-06
-7.999999999999999638e-06
0.000000000000000000e+00
6.000000000000000152e-06
3.999999999999999819e-06
6.000000000000000152e-06
6.999999999999999895e-06
-5.000000000000000409e-06
-1.900000000000000105e-05
-3.999999999999999819e-06
1.200000000000000030e-05
1.299999999999999920e-05
3.999999999999999819e-06
-1.500000000000000038e-05
3.000000000000000076e-06
-5.000000000000000409e-06
-1.900000000000000105e-05
-1.299999999999999920e-05
-1.399999999999999979e-05
-2.199999999999999943e-05
-1.800000000000000046e-05
9.999999999999999547e-07
3.000000000000000076e-06
-5.000000000000000409e-06
-3.000000000000000076e-06
1.200000000000000030e-05
7.999999999999999638e-06
5.000000000000000409e-06
-1.999999999999999909e-06
-5.000000000000000409e-06
-1.500000000000000038e-05
-6.000000000000000152e-06
6.999999999999999895e-06
9.000000000000000228e-06
-3.000000000000000076e-06
3.999999999999999819e-06
3.000000000000000076e-06
1.399999999999999979e-05
2.400000000000000061e-05
-9.999999999999999547e-07
3.000000000000000076e-06
-5.000000000000000409e-06
-3.999999999999999819e-06
3.000000000000000076e-06
1.099999999999999971e-05
2.000000000000000164e-05
-1.200000000000000030e-05
-1.699999999999999987e-05
-3.999999999999999819e-06
1.999999999999999909e-06
1.299999999999999920e-05
1.399999999999999979e-05
3.000000000000000076e-06
-3.000000000000000076e-06
-9.999999999999999547e-07
1.099999999999999971e-05
1.099999999999999971e-05
9.000000000000000228e-06
1.000000000000000082e-05
6.999999999999999895e-06
1.999999999999999909e-06
-1.999999999999999909e-06
1.000000000000000082e-05
2.000000000000000164e-05
1.099999999999999971e-05
3.000000000000000076e-06
-7.999999999999999638e-06
-9.000000000000000228e-06
6.000000000000000152e-06
1.399999999999999979e-05
2.099999999999999884e-05
-6.000000000000000152e-06
0.000000000000000000e+00
1.299999999999999920e-05
2.300000000000000002e-05
-3.000000000000000076e-06
-1.099999999999999971e-05
9.999999999999999547e-07
6.000000000000000152e-06
1.299999999999999920e-05
1.000000000000000082e-05
3.999999999999999819e-06
1.999999999999999909e-06
-3.999999999999999819e-06
0.000000000000000000e+00
1.099999999999999971e-05
6.000000000000000152e-06
-9.999999999999999547e-07
-3.999999999999999819e-06
-1.999999999999999909e-06
-1.999999999999999909e-06
-1.599999999999999928e-05
-5.000000000000000409e-06
3.999999999999999819e-06
9.999999999999999547e-07
-9.999999999999999547e-07
3.999999999999999819e-06
-5.000000000000000409e-06
6.999999999999999895e-06
9.999999999999999547e-07
-5.000000000000000409e-06
1.000000000000000082e-05
6.999999999999999895e-06
-9.999999999999999547e-07
1.000000000000000082e-05
1.699999999999999987e-05
1.399999999999999979e-05
1.599999999999999928e-05
-3.999999999999999819e-06
1.000000000000000082e-05
2.199999999999999943e-05
1.399999999999999979e-05
-3.000000000000000076e-06
-6.000000000000000152e-06
7.999999999999999638e-06
5.000000000000000409e-06
-0.000000000000000000e+00
1.999999999999999909e-06
3.000000000000000076e-06
-1.999999999999999909e-06
1.999999999999999909e-06
1.500000000000000038e-05
9.000000000000000228e-06
9.999999999999999547e-07
3.999999999999999819e-06
9.999999999999999547e-07
3.000000000000000076e-06
5.000000000000000409e-06
1.999999999999999909e-06
-0.000000000000000000e+00
9.999999999999999547e-07
-9.999999999999999547e-07
-3.000000000000000076e-06
6.000000000000000152e-06
3.999999999999999819e-06
6.000000000000000152e-06
3.000000000000000076e-06
5.000000000000000409e-06
-9.000000000000000228e-06
-7.999999999999999638e-06
-3.000000000000000076e-06
-7.999999999999999638e-06
-3.999999999999999819e-06
-6.999999999999999895e-06
-3.000000000000000076e-06
-1.000000000000000082e-05
-3.999999999999999819e-06
3.000000000000000076e-06
1.699999999999999987e-05
5.000000000000000409e-06
-7.999999999999999638e-06
-7.999999999999999638e-06
-3.000000000000000076e-06
-7.999999999999999638e-06
-6.000000000000000152e-06
-3.999999999999999819e-06
-6.999999999999999895e-06
-1.999999999999999909e-06
3.000000000000000076e-06
1.000000000000000082e-05
7.999999999999999638e-06
-3.999999999999999819e-06
-1.800000000000000046e-05
-6.000000000000000152e-06
1.599999999999999928e-05
1.800000000000000046e-05
-7.999999999999999638e-06
-1.299999999999999920e-05
-7.999999999999999638e-06
-1.099999999999999971e-05
-1.399999999999999979e-05
-9.999999999999999547e-07
1.399999999999999979e-05
1.999999999999999909e-06
-1.599999999999999928e-05
-6.999999999999999895e-06
-2.000000000000000164e-05
-1.000000000000000082e-05
-1.000000000000000082e-05
-1.299999999999999920e-05
6.999999999999999895e-06
5.000000000000000409e-06
-1.999999999999999909e-06
3.999999999999999819e-06
1.999999999999999909e-06
3.000000000000000076e-06
6.000000000000000152e-06
5.000000000000000409e-06
-3.000000000000000076e-06
-9.999999999999999547e-07
-1.999999999999999909e-06
-3.000000000000000076e-06
9.999999999999999547e-07
-3.000000000000000076e-06
-1.099999999999999971e-05
9.999999999999999547e-07
1.999999999999999909e-06
3.000000000000000076e-06
1.099999999999999971e-05
-1.599999999999999928e-05
-1.299999999999999920e-05
7.999999999999999638e-06
-1.699999999999999987e-05
-3.000000000000000076e-05
-1.099999999999999971e-05
-1.000000000000000082e-05
-5.000000000000000409e-06
6.000000000000000152e-06
-3.000000000000000076e-06
-3.000000000000000076e-06
1.200000000000000030e-05
1.099999999999999971e-05
-9.999999999999999547e-07
-3.999999999999999819e-06
-9.000000000000000228e-06
-3.999999999999999819e-06
-1.000000000000000082e-05
-1.299999999999999920e-05
-1.900000000000000105e-05
-6.999999999999999895e-06
-9.999999999999999547e-07
-3.000000000000000076e-06
-5.000000000000000409e-06
-1.999999999999999909e-06
-6.000000000000000152e-06
-9.999999999999999547e-07
9.999999999999999547e-07
-3.000000000000000076e-06
-9.000000000000000228e-06
-5.000000000000000409e-06
9.999999999999999547e-07
-9.999999999999999547e-07
6.000000000000000152e-06
1.500000000000000038e-05
1.099999999999999971e-05
-3.000000000000000076e-06
-3.999999999999999819e-06
-6.000000000000000152e-06
7.999999999999999638e-06
2.000000000000000164e-05
9.000000000000000228e-06
3.999999999999999819e-06
1.999999999999999909e-06
-0.000000000000000000e+00
-5.000000000000000409e-06
9.999999999999999547e-07
-7.999999999999999638e-06
-3.999999999999999819e-06
-6.999999999999999895e-06
-1.999999999999999909e-06
-3.000000000000000076e-06
-0.000000000000000000e+00
3.999999999999999819e-06
-3.000000000000000076e-06
-6.999999999999999895e-06
-3.999999999999999819e-06
1.000000000000000082e-05
1.999999999999999909e-06
1.000000000000000082e-05
1.599999999999999928e-05
1.299999999999999920e-05
6.000000000000000152e-06
9.999999999999999547e-07
9.000000000000000228e-06
9.999999999999999547e-07
-9.000000000000000228e-06
7.999999999999999638e-06
1.099999999999999971e-05
3.000000000000000076e-06
-7.999999999999999638e-06
0.000000000000000000e+00
-3.000000000000000076e-06
-1.800000000000000046e-05
-5.000000000000000409e-06
-1.999999999999999909e-06
-9.000000000000000228e-06
1.999999999999999909e-06
-9.999999999999999547e-07
-1.399999999999999979e-05
7.999999999999999638e-06
1.299999999999999920e-05
0.000000000000000000e+00
-1.999999999999999909e-06
1.999999999999999909e-06
5.000000000000000409e-06
5.000000000000000409e-06
-5.000000000000000409e-06
9.999999999999999547e-07
9.999999999999999547e-07
0.000000000000000000e+00
3.999999999999999819e-06
3.000000000000000076e-06
-1.999999999999999909e-06
-3.000000000000000076e-06
-0.000000000000000000e+00
-6.999999999999999895e-06
-1.500000000000000038e-05
-6.999999999999999895e-06
-7.999999999999999638e-06
-1.299999999999999920e-05
-1.299999999999999920e-05
-6.000000000000000152e-06
-5.000000000000000409e-06
-1.399999999999999979e-05
-6.999999999999999895e-06
-1.599999999999999928e-05
-1.399999999999999979e-05
9.999999999999999547e-07
-5.000000000000000409e-06
-9.999999999999999547e-07
1.999999999999999909e-06
-9.999999999999999547e-07
1.099999999999999971e-05
1.399999999999999979e-05
7.999999999999999638e-06
-1.099999999999999971e-05
-7.999999999999999638e-06
9.999999999999999547e-07
1.299999999999999920e-05
1.500000000000000038e-05
-1.999999999999999909e-06
-1.999999999999999909e-06
1.800000000000000046e-05
1.099999999999999971e-05
-0.000000000000000000e+00
-3.999999999999999819e-06
-1.699999999999999987e-05
1.999999999999999909e-06
3.999999999999999819e-06
-3.999999999999999819e-06
-6.000000000000000152e-06
1.000000000000000082e-05
1.299999999999999920e-05
3.000000000000000076e-06
6.000000000000000152e-06
-9.999999999999999547e-07
6.999999999999999895e-06
1.000000000000000082e-05
1.099999999999999971e-05
1.000000000000000082e-05
1.200000000000000030e-05
1.200000000000000030e-05
6.999999999999999895e-06
1.099999999999999971e-05
9.999999999999999547e-07
3.999999999999999819e-06
3.999999999999999819e-06
9.999999999999999547e-07
-1.999999999999999909e-06
-1.299999999999999920e-05
-9.000000000000000228e-06
9.999999999999999547e-07
6.999999999999999895e-06
5.000000000000000409e-06
7.999999999999999638e-06
1.099999999999999971e-05
3.999999999999999819e-06
-1.999999999999999909e-06
-9.999999999999999547e-07
9.999999999999999547e-07
1.399999999999999979e-05
6.000000000000000152e-06
1.999999999999999909e-06
-1.000000000000000082e-05
5.000000000000000409e-06
1.999999999999999909e-06
-1.099999999999999971e-05
3.000000000000000076e-06
-6.000000000000000152e-06
-9.000000000000000228e-06
-6.999999999999999895e-06
-6.000000000000000152e-06
-1.000000000000000082e-05
-3.000000000000000076e-06
-5.000000000000000409e-06
-6.000000000000000152e-06
-6.999999999999999895e-06
1.999999999999999909e-06
1.999999999999999909e-06
7.999999999999999638e-06
1.099999999999999971e-05
9.999999999999999547e-07
-9.000000000000000228e-06
-1.999999999999999909e-06
-1.399999999999999979e-05
-1.599999999999999928e-05
-6.999999999999999895e-06
9.999999999999999547e-07
5.000000000000000409e-06
6.000000000000000152e-06
6.000000000000000152e-06
6.000000000000000152e-06
1.999999999999999909e-06
3.000000000000000076e-06
-9.999999999999999547e-07
-9.999999999999999547e-07
9.000000000000000228e-06
3.999999999999999819e-06
-3.999999999999999819e-06
-7.999999999999999638e-06
-3.000000000000000076e-06
9.999999999999999547e-07
-5.000000000000000409e-06
-6.000000000000000152e-06
-1.399999999999999979e-05
3.999999999999999819e-06
1.200000000000000030e-05
6.000000000000000152e-06
-7.999999999999999638e-06
-7.999999999999999638e-06
5.000000000000000409e-06
6.000000000000000152e-06
3.000000000000000076e-06
9.999999999999999547e-07
1.299999999999999920e-05
1.099999999999999971e-05
5.000000000000000409e-06
6.000000000000000152e-06
9.000000000000000228e-06
1.000000000000000082e-05
-0.000000000000000000e+00
-5.000000000000000409e-06
9.999999999999999547e-07
6.000000000000000152e-06
-1.399999999999999979e-05
-5.000000000000000409e-06
5.000000000000000409e-06
9.999999999999999547e-07
-1.200000000000000030e-05
-1.000000000000000082e-05
6.000000000000000152e-06
1.099999999999999971e-05
1.200000000000000030e-05
1.000000000000000082e-05
1.099999999999999971e-05
3.999999999999999819e-06
-1.999999999999999909e-06
1.299999999999999920e-05
6.000000000000000152e-06
3.999999999999999819e-06
5.000000000000000409e-06
9.999999999999999547e-07
-7.999999999999999638e-06
1.299999999999999920e-05
1.399999999999999979e-05
3.000000000000000076e-06
-1.999999999999999909e-06
9.000000000000000228e-06
1.399999999999999979e-05
1.699999999999999987e-05
9.000000000000000228e-06
9.000000000000000228e-06
-6.000000000000000152e-06
-1.299999999999999920e-05
-3.999999999999999819e-06
3.000000000000000076e-06
9.000000000000000228e-06
5.000000000000000409e-06
9.999999999999999547e-07
7.999999999999999638e-06
1.299999999999999920e-05
6.000000000000000152e-06
6.000000000000000152e-06
1.000000000000000082e-05
0.000000000000000000e+00
3.000000000000000076e-06
-6.000000000000000152e-06
0.000000000000000000e+00
1.200000000000000030e-05
5.000000000000000409e-06
1.999999999999999909e-06
-3.000000000000000076e-06
-1.999999999999999909e-06
-6.999999999999999895e-06
-5.000000000000000409e-06
-6.999999999999999895e-06
-1.900000000000000105e-05
-1.500000000000000038e-05
-3.999999999999999819e-06
-1.999999999999999909e-06
1.299999999999999920e-05
-3.000000000000000076e-06
-1.200000000000000030e-05
-1.000000000000000082e-05
-6.999999999999999895e-06
6.999999999999999895e-06
-9.999999999999999547e-07
9.999999999999999547e-07
6.999999999999999895e-06
-1.399999999999999979e-05
9.999999999999999547e-07
-0.000000000000000000e+00
1.000000000000000082e-05
1.099999999999999971e-05
1.999999999999999909e-06
-3.000000000000000076e-06
-9.999999999999999547e-07
1.099999999999999971e-05
1.099999999999999971e-05
1.999999999999999909e-06
-1.599999999999999928e-05
-1.500000000000000038e-05
-3.999999999999999819e-06
-9.000000000000000228e-06
-1.200000000000000030e-05
-1.299999999999999920e-05
-1.000000000000000082e-05
-1.399999999999999979e-05
-1.500000000000000038e-05
3.999999999999999819e-06
9.999999999999999547e-07
-1.000000000000000082e-05
-1.999999999999999909e-06
-3.000000000000000076e-06
-1.999999999999999909e-06
-3.000000000000000076e-06
-9.999999999999999547e-07
-7.999999999999999638e-06
-7.999999999999999638e-06
3.000000000000000076e-06
-6.000000000000000152e-06
-3.000000000000000076e-06
3.999999999999999819e-06
-3.999999999999999819e-06
-7.999999999999999638e-06
-1.000000000000000082e-05
-1.099999999999999971e-05
1.999999999999999909e-06
1.999999999999999909e-06
-1.000000000000000082e-05
7.999999999999999638e-06
7.999999999999999638e-06
-3.000000000000000076e-06
-3.999999999999999819e-06
-3.999999999999999819e-06
-1.200000000000000030e-05
-1.000000000000000082e-05
-5.000000000000000409e-06
0.000000000000000000e+00
9.000000000000000228e-06
6.000000000000000152e-06
3.999999999999999819e-06
-3.999999999999999819e-06
6.999999999999999895e-06
9.999999999999999547e-07
3.000000000000000076e-06
0.000000000000000000e+00
-1.599999999999999928e-05
0.000000000000000000e+00
-0.000000000000000000e+00
-1.500000000000000038e-05
-1.800000000000000046e-05
-1.200000000000000030e-05
3.000000000000000076e-06
-6.999999999999999895e-06
-1.200000000000000030e-05
9.999999999999999547e-07
1.999999999999999909e-06
-6.000000000000000152e-06
-3.999999999999999819e-06
-9.000000000000000228e-06
-1.000000000000000082e-05
-9.000000000000000228e-06
-6.000000000000000152e-06
-0.000000000000000000e+00
6.000000000000000152e-06
5.000000000000000409e-06
7.999999999999999638e-06
6.000000000000000152e-06
6.999999999999999895e-06
-3.999999999999999819e-06
-1.999999999999999909e-06
3.999999999999999819e-06
1.999999999999999909e-06
9.999999999999999547e-07
-6.999999999999999895e-06
-9.999999999999999547e-07
6.000000000000000152e-06
1.699999999999999987e-05
-1.200000000000000030e-05
-1.699999999999999987e-05
-1.999999999999999909e-06
-6.000000000000000152e-06
-7.999999999999999638e-06
-9.999999999999999547e-07
-0.000000000000000000e+00
-9.999999999999999547e-07
1.000000000000000082e-05
9.999999999999999547e-07
6.000000000000000152e-06
-0.000000000000000000e+00
-6.000000000000000152e-06
6.999999999999999895e-06
1.599999999999999928e-05
9.000000000000000228e-06
7.999999999999999638e-06
6.000000000000000152e-06
-3.999999999999999819e-06
-5.000000000000000409e-06
3.000000000000000076e-06
-1.999999999999999909e-06
-1.999999999999999909e-06
6.999999999999999895e-06
-1.200000000000000030e-05
-1.699999999999999987e-05
-1.000000000000000082e-05
-9.999999999999999547e-07
-1.000000000000000082e-05
-6.999999999999999895e-06
-3.999999999999999819e-06
-9.999999999999999547e-07
6.999999999999999895e-06
-3.999999999999999819e-06
-9.000000000000000228e-06
6.000000000000000152e-06
-3.999999999999999819e-06
-9.999999999999999547e-07
1.999999999999999909e-06
1.999999999999999909e-06
1.299999999999999920e-05
1.599999999999999928e-05
1.699999999999999987e-05
6.000000000000000152e-06
-9.999999999999999547e-07
-3.999999999999999819e-06
-5.000000000000000409e-06
1.999999999999999909e-06
-5.000000000000000409e-06
-3.999999999999999819e-06
1.000000000000000082e-05
1.299999999999999920e-05
3.999999999999999819e-06
6.000000000000000152e-06
6.999999999999999895e-06
-3.000000000000000076e-06
1.200000000000000030e-05
0.000000000000000000e+00
-9.999999999999999547e-07
1.099999999999999971e-05
1.099999999999999971e-05
9.000000000000000228e-06
6.000000000000000152e-06
1.000000000000000082e-05
1.399999999999999979e-05
1.299999999999999920e-05
7.999999999999999638e-06
6.999999999999999895e-06
-0.000000000000000000e+00
7.999999999999999638e-06
1.000000000000000082e-05
0.000000000000000000e+00
-1.999999999999999909e-06
-3.999999999999999819e-06
3.000000000000000076e-06
-1.999999999999999909e-06
9.999999999999999547e-07
1.200000000000000030e-05
1.699999999999999987e-05
-9.999999999999999547e-07
-6.999999999999999895e-06
1.999999999999999909e-06
9.999999999999999547e-07
-7.999999999999999638e-06
1.999999999999999909e-06
6.000000000000000152e-06
-9.999999999999999547e-07
-1.999999999999999909e-06
6.000000000000000152e-06
3.999999999999999819e-06
5.000000000000000409e-06
-5.000000000000000409e-06
-6.000000000000000152e-06
3.999999999999999819e-06
3.999999999999999819e-06
7.999999999999999638e-06
-3.000000000000000076e-06
-1.099999999999999971e-05
-6.999999999999999895e-06
-3.999999999999999819e-06
-1.699999999999999987e-05
9.999999999999999547e-07
9.000000000000000228e-06
-3.000000000000000076e-06
9.000000000000000228e-06
6.000000000000000152e-06
-1.500000000000000038e-05
-1.399999999999999979e-05
1.999999999999999909e-06
-5.000000000000000409e-06
-5.000000000000000409e-06
3.999999999999999819e-06
-3.999999999999999819e-06
3.000000000000000076e-06
-1.999999999999999909e-06
1.999999999999999909e-06
1.999999999999999909e-06
-3.000000000000000076e-06
-3.999999999999999819e-06
-0.000000000000000000e+00
6.000000000000000152e-06
-3.000000000000000076e-06
3.000000000000000076e-06
-9.999999999999999547e-07
-1.500000000000000038e-05
-1.099999999999999971e-05
-9.000000000000000228e-06
-7.999999999999999638e-06
-9.999999999999999547e-07
-9.999999999999999547e-07
0.000000000000000000e+00
3.999999999999999819e-06
-7.999999999999999638e-06
-9.999999999999999547e-07
-6.000000000000000152e-06
-3.000000000000000076e-06
-5.000000000000000409e-06
9.999999999999999547e-07
5.000000000000000409e-06
-3.000000000000000076e-06
6.999999999999999895e-06
3.999999999999999819e-06
9.999999999999999547e-07
5.000000000000000409e-06
3.000000000000000076e-06
5.000000000000000409e-06
-3.999999999999999819e-06
-1.999999999999999909e-06
5.000000000000000409e-06
1.500000000000000038e-05
-3.000000000000000076e-06
-2.099999999999999884e-05
-1.000000000000000082e-05
0.000000000000000000e+00
-3.000000000000000076e-06
-1.299999999999999920e-05
-1.200000000000000030e-05
-3.000000000000000076e-06
9.999999999999999547e-07
7.999999999999999638e-06
9.999999999999999547e-07
-3.000000000000000076e-06
-9.000000000000000228e-06
-0.000000000000000000e+00
-1.999999999999999909e-06
-3.000000000000000076e-06
-6.000000000000000152e-06
3.000000000000000076e-06
9.000000000000000228e-06
1.299999999999999920e-05
1.299999999999999920e-05
9.999999999999999547e-07
1.399999999999999979e-05
9.000000000000000228e-06
-1.599999999999999928e-05
-5.000000000000000409e-06
9.000000000000000228e-06
6.999999999999999895e-06
9.999999999999999547e-07
5.000000000000000409e-06
1.200000000000000030e-05
-9.999999999999999547e-07
-9.000000000000000228e-06
1.999999999999999909e-06
9.000000000000000228e-06
1.099999999999999971e-05
1.000000000000000082e-05
3.000000000000000076e-06
7.999999999999999638e-06
1.000000000000000082e-05
-1.999999999999999909e-06
-6.000000000000000152e-06
6.999999999999999895e-06
5.000000000000000409e-06
1.999999999999999909e-06
-1.999999999999999909e-06
1.299999999999999920e-05
1.099999999999999971e-05
1.999999999999999909e-06
6.000000000000000152e-06
1.699999999999999987e-05
1.000000000000000082e-05
3.000000000000000076e-06
-6.000000000000000152e-06
-1.000000000000000082e-05
1.399999999999999979e-05
3.999999999999999819e-06
5.000000000000000409e-06
9.999999999999999547e-07
-3.000000000000000076e-06
-0.000000000000000000e+00
-1.099999999999999971e-05
-5.000000000000000409e-06
-9.999999999999999547e-07
-1.999999999999999909e-06
-1.999999999999999909e-06
-6.999999999999999895e-06
3.999999999999999819e-06
1.099999999999999971e-05
5.000000000000000409e-06
-3.000000000000000076e-06
-6.000000000000000152e-06
-1.099999999999999971e-05
9.999999999999999547e-07
5.000000000000000409e-06
-1.999999999999999909e-06
3.999999999999999819e-06
7.999999999999999638e-06
-1.999999999999999909e-06
-6.000000000000000152e-06
3.000000000000000076e-06
0.000000000000000000e+00
-6.000000000000000152e-06
-1.999999999999999909e-06
-9.999999999999999547e-07
-3.999999999999999819e-06
-3.000000000000000076e-06
-0.000000000000000000e+00
3.999999999999999819e-06
-1.999999999999999909e-06
6.999999999999999895e-06
9.999999999999999547e-07
-9.999999999999999547e-07
5.000000000000000409e-06
3.999999999999999819e-06
-0.000000000000000000e+00
3.999999999999999819e-06
7.999999999999999638e-06
3.999999999999999819e-06
-6.999999999999999895e-06
-1.000000000000000082e-05
-3.000000000000000076e-06
-1.999999999999999909e-06
-5.000000000000000409e-06
-0.000000000000000000e+00
-6.000000000000000152e-06
-1.299999999999999920e-05
-1.000000000000000082e-05
9.999999999999999547e-07
-9.999999999999999547e-07
-7.999999999999999638e-06
-3.999999999999999819e-06
-1.200000000000000030e-05
-6.000000000000000152e-06
3.000000000000000076e-06
-3.999999999999999819e-06
-3.000000000000000076e-06
-5.000000000000000409e-06
3.000000000000000076e-06
1.399999999999999979e-05
3.000000000000000076e-06
-1.999999999999999909e-06
