1.603311999999999966e-03
1.585473999999999911e-03
1.547296999999999995e-03
1.545951000000000053e-03
1.584464000000000055e-03
1.596965000000000103e-03
1.549941999999999900e-03
1.542392999999999976e-03
1.569318000000000102e-03
1.555135000000000024e-03
1.522055000000000023e-03
1.538497999999999906e-03
1.578645999999999956e-03
1.581963999999999940e-03
1.533209000000000004e-03
1.534362999999999960e-03
1.566625999999999999e-03
1.586820000000000071e-03
1.532006999999999943e-03
1.509457000000000073e-03
1.550998999999999954e-03
1.583406000000000093e-03
1.539507999999999979e-03
1.519890999999999994e-03
1.563789000000000108e-03
1.584415999999999949e-03
1.558018999999999897e-03
1.529362999999999946e-03
1.556529000000000072e-03
1.581050000000000077e-03
1.581675000000000051e-03
1.563500999999999910e-03
1.541094999999999922e-03
1.586963999999999953e-03
1.579127000000000048e-03
1.557105999999999942e-03
1.547056999999999903e-03
1.573741999999999936e-03
1.587012000000000058e-03
1.569847000000000083e-03
1.551960999999999922e-03
1.589511999999999956e-03
1.608023999999999998e-03
1.569269999999999997e-03
1.552682000000000107e-03
1.591388000000000004e-03
1.604177000000000033e-03
1.594417000000000100e-03
1.552970999999999996e-03
1.573212999999999955e-03
1.592492999999999947e-03
1.580328999999999892e-03
1.554412999999999932e-03
1.573165000000000067e-03
1.592590000000000065e-03
1.597445999999999979e-03
1.562924000000000041e-03
1.567346999999999968e-03
1.606821999999999938e-03
1.611004999999999989e-03
1.576001999999999958e-03
1.549365000000000030e-03
1.597686000000000071e-03
1.618938000000000104e-03
1.581820000000000058e-03
1.578741999999999949e-03
1.608601000000000085e-03
1.626295000000000041e-03
1.584607999999999937e-03
1.554653999999999932e-03
1.592349000000000065e-03
1.615235999999999929e-03
1.600426999999999969e-03
1.572203000000000099e-03
1.587588999999999927e-03
1.616197999999999897e-03
1.602445999999999992e-03
1.575856999999999952e-03
1.581916000000000051e-03
1.615764999999999910e-03
1.605955999999999963e-03
1.578694000000000061e-03
1.592445999999999966e-03
1.612928000000000018e-03
1.598311000000000046e-03
1.564365999999999977e-03
1.558212000000000009e-03
1.606341000000000062e-03
1.627256000000000102e-03
1.603648000000000053e-03
1.581579000000000058e-03
1.614034000000000085e-03
1.614369999999999954e-03
1.577733000000000000e-03
1.564751000000000076e-03
1.608119999999999992e-03
1.626005999999999936e-03
1.597782000000000065e-03
1.573165000000000067e-03
1.603744000000000046e-03
1.618985999999999993e-03
1.595859000000000036e-03
1.563836999999999996e-03
1.583549999999999975e-03
1.608985000000000059e-03
1.599801999999999995e-03
1.573741999999999936e-03
1.584511999999999943e-03
1.590234000000000049e-03
1.568116000000000041e-03
1.528112999999999997e-03
1.530565000000000007e-03
1.545710999999999960e-03
1.553356000000000094e-03
1.512918999999999939e-03
1.492099999999999893e-03
1.527439999999999918e-03
1.534074999999999979e-03
1.503206999999999894e-03
1.489648000000000101e-03
1.543450999999999938e-03
1.564126000000000101e-03
1.540228999999999947e-03
1.536479000000000100e-03
1.571001000000000038e-03
1.602878999999999979e-03
1.585136999999999918e-03
1.573116999999999962e-03
1.617015000000000076e-03
1.656682000000000033e-03
1.641344000000000093e-03
1.599224999999999909e-03
1.608503999999999967e-03
1.644325000000000083e-03
1.635140999999999895e-03
1.608648999999999973e-03
1.608023999999999998e-03
1.649470000000000103e-03
1.667307999999999941e-03
1.621005999999999923e-03
1.593983999999999896e-03
1.633122000000000089e-03
1.650334999999999953e-03
1.615813000000000015e-03
1.594946000000000081e-03
1.630766000000000073e-03
1.612303000000000043e-03
1.515660000000000054e-03
1.452240999999999949e-03
1.487004000000000103e-03
1.481667000000000097e-03
1.348482000000000023e-03
1.208758000000000098e-03
1.211786999999999977e-03
1.441182000000000053e-03
1.768615000000000074e-03
1.944542999999999966e-03
1.985171999999999892e-03
2.064554000000000129e-03
2.089026999999999811e-03
2.005943000000000049e-03
1.907665000000000012e-03
1.839004999999999893e-03
1.768325999999999969e-03
1.679039000000000009e-03
1.633459000000000083e-03
1.635238000000000013e-03
1.637016999999999943e-03
1.600522999999999963e-03
1.575809000000000064e-03
1.599369000000000008e-03
1.611388999999999964e-03
1.586867999999999959e-03
1.562730999999999929e-03
1.581626999999999946e-03
1.599657999999999896e-03
1.604224999999999922e-03
1.564798999999999964e-03
1.568116000000000041e-03
1.604081000000000040e-03
1.588935000000000087e-03
1.553691999999999964e-03
1.559653999999999945e-03
1.599128999999999915e-03
1.600522999999999963e-03
1.557442000000000028e-03
1.562346999999999955e-03
1.591724000000000090e-03
1.599224999999999909e-03
1.572154999999999993e-03
1.545277999999999973e-03
1.576530999999999939e-03
1.591242999999999998e-03
1.562683000000000041e-03
1.539411999999999985e-03
1.569269999999999997e-03
1.581675000000000051e-03
1.559077000000000076e-03
1.532776999999999924e-03
1.561097000000000005e-03
1.589801000000000061e-03
1.574415000000000016e-03
1.518592999999999939e-03
1.530805000000000100e-03
1.568308999999999936e-03
1.554606000000000043e-03
1.511381000000000009e-03
1.519939000000000099e-03
1.558595999999999983e-03
1.540710000000000040e-03
1.501139000000000076e-03
1.500082000000000021e-03
1.528929999999999959e-03
1.523641000000000058e-03
1.468684999999999956e-03
1.457193000000000073e-03
1.512293999999999965e-03
1.520756999999999968e-03
1.475175999999999918e-03
1.454884999999999946e-03
1.503446999999999987e-03
1.510995999999999910e-03
1.480704999999999912e-03
1.466377000000000045e-03
1.481377999999999992e-03
1.507775000000000044e-03
1.501476000000000069e-03
1.478397000000000001e-03
1.482292000000000071e-03
1.522679999999999997e-03
1.518784999999999927e-03
1.502005000000000050e-03
1.526767000000000055e-03
1.571338000000000032e-03
1.576867000000000026e-03
1.550230000000000097e-03
1.575905000000000057e-03
1.623120999999999939e-03
1.623506000000000038e-03
1.584656000000000042e-03
1.590714000000000017e-03
1.626246000000000028e-03
1.642112999999999949e-03
1.617158999999999958e-03
1.608168000000000097e-03
1.639517000000000058e-03
1.666202000000000091e-03
1.642498000000000048e-03
1.609706000000000027e-03
1.636728000000000054e-03
1.661057000000000072e-03
1.644325000000000083e-03
1.606388999999999951e-03
1.628024999999999958e-03
1.648364000000000036e-03
1.637065000000000048e-03
1.602927000000000084e-03
1.609322000000000053e-03
1.630813999999999962e-03
1.640863000000000000e-03
1.613071999999999900e-03
1.613648999999999986e-03
1.639372999999999959e-03
1.649613999999999985e-03
1.602541999999999986e-03
1.584368000000000061e-03
1.619996000000000066e-03
1.645287000000000052e-03
1.616533999999999983e-03
1.590377999999999931e-03
1.618553000000000006e-03
1.633361999999999965e-03
1.610427999999999903e-03
1.598983999999999909e-03
1.628457999999999945e-03
1.645479000000000039e-03
1.630909999999999955e-03
1.615764999999999910e-03
1.603311999999999966e-03
1.629756000000000000e-03
1.642641999999999930e-03
1.611821999999999951e-03
1.610139000000000015e-03
1.650671999999999947e-03
1.637161000000000042e-03
1.601292000000000037e-03
1.607782999999999999e-03
1.650095000000000077e-03
1.654326000000000017e-03
1.633506999999999971e-03
1.625092999999999980e-03
1.656441000000000033e-03
1.662787999999999896e-03
1.633459000000000083e-03
1.617254999999999951e-03
1.647306000000000074e-03
1.677356999999999980e-03
1.644325000000000083e-03
1.625333000000000073e-03
1.666586000000000066e-03
1.681107000000000044e-03
1.653701000000000042e-03
1.617975999999999919e-03
1.644180999999999985e-03
1.686828999999999933e-03
1.680770000000000050e-03
1.621583000000000009e-03
1.628986999999999926e-03
1.669134999999999976e-03
1.666345999999999973e-03
1.636007000000000086e-03
1.647545999999999950e-03
1.663942000000000069e-03
1.677981999999999954e-03
1.632545000000000003e-03
1.629611999999999901e-03
1.679663999999999983e-03
1.698368000000000013e-03
1.657884000000000094e-03
1.645718999999999915e-03
1.672019999999999973e-03
1.682501000000000092e-03
1.651584999999999902e-03
1.633122000000000089e-03
1.673991000000000107e-03
1.695530999999999905e-03
1.668846000000000088e-03
1.641487999999999975e-03
1.670241000000000043e-03
1.697647000000000045e-03
1.674279000000000088e-03
1.652451000000000093e-03
1.670433000000000031e-03
1.694666000000000054e-03
1.696926000000000077e-03
1.646008000000000020e-03
1.651537000000000014e-03
1.695242999999999924e-03
1.696732999999999965e-03
1.659181999999999931e-03
1.643892000000000096e-03
1.690578999999999997e-03
1.699617999999999962e-03
1.670047999999999932e-03
1.653219999999999950e-03
1.671972000000000085e-03
1.687838000000000099e-03
1.670480999999999919e-03
1.663077000000000001e-03
1.670672999999999906e-03
1.692790999999999914e-03
1.676154999999999919e-03
1.646247999999999895e-03
1.672403999999999948e-03
1.698801000000000000e-03
1.679616000000000095e-03
1.650430999999999947e-03
1.656970000000000014e-03
1.684423999999999904e-03
1.665961000000000091e-03
1.628314000000000063e-03
1.644325000000000083e-03
1.655720000000000065e-03
1.630045000000000105e-03
1.597878999999999966e-03
1.585089000000000029e-03
1.618504999999999900e-03
1.630141000000000099e-03
1.604320999999999916e-03
1.589801000000000061e-03
1.615717000000000021e-03
1.647690999999999956e-03
1.623602000000000031e-03
1.604320999999999916e-03
1.639805000000000039e-03
1.669904000000000050e-03
1.659469999999999912e-03
1.643556000000000010e-03
1.689664999999999917e-03
1.717840999999999899e-03
1.711398000000000042e-03
1.689713000000000022e-03
1.706686000000000010e-03
1.752988000000000029e-03
1.751305000000000093e-03
1.715581000000000094e-03
1.704858999999999975e-03
1.728706999999999900e-03
1.734957999999999986e-03
1.697453999999999933e-03
1.694521999999999955e-03
1.723610999999999893e-03
1.745199000000000012e-03
1.714908000000000014e-03
1.690627000000000102e-03
1.725292999999999922e-03
1.728034000000000037e-03
1.653460000000000043e-03
1.557826999999999910e-03
1.594946000000000081e-03
1.632257000000000022e-03
1.528882000000000071e-03
1.401899999999999978e-03
1.337712000000000016e-03
1.423295999999999893e-03
1.698127999999999920e-03
1.901750999999999919e-03
1.999018999999999883e-03
2.027001999999999970e-03
2.082776000000000158e-03
2.074986999999999925e-03
2.041475000000000060e-03
1.987047000000000032e-03
1.907856999999999999e-03
1.824532999999999927e-03
1.755728999999999927e-03
1.760922000000000051e-03
1.733034000000000050e-03
1.685098000000000108e-03
1.655863999999999947e-03
1.666633999999999954e-03
1.691156000000000083e-03
1.658172000000000075e-03
1.620668999999999929e-03
1.653411999999999937e-03
1.680866000000000044e-03
1.658027999999999976e-03
1.612303000000000043e-03
1.643556000000000010e-03
1.670529000000000024e-03
1.644901999999999953e-03
1.609128999999999941e-03
1.631679999999999936e-03
1.662403000000000014e-03
1.654758000000000097e-03
1.615427999999999916e-03
1.622352000000000082e-03
1.649950000000000071e-03
1.642402000000000055e-03
1.614563000000000066e-03
1.606196999999999963e-03
1.631295000000000054e-03
1.633747000000000064e-03
1.607975999999999893e-03
1.604561999999999915e-03
1.635862999999999987e-03
1.651633000000000007e-03
1.616629999999999977e-03
1.573020999999999968e-03
1.603119000000000072e-03
1.630333000000000086e-03
1.596725000000000011e-03
1.564365999999999977e-03
1.595571000000000055e-03
1.617448000000000063e-03
1.592253000000000071e-03
1.557538999999999929e-03
1.573837999999999930e-03
1.602735000000000097e-03
1.577684999999999895e-03
1.538258000000000030e-03
1.536335000000000001e-03
1.572779999999999968e-03
1.568837999999999917e-03
1.539893000000000078e-03
1.528833999999999966e-03
1.553403999999999983e-03
1.551335999999999948e-03
1.511236999999999910e-03
1.499841000000000021e-03
1.540565999999999941e-03
1.566433000000000105e-03
1.540228999999999947e-03
1.507005000000000063e-03
1.535373000000000033e-03
1.562826999999999923e-03
1.527247000000000023e-03
1.494792999999999903e-03
1.531381999999999969e-03
1.578790000000000054e-03
1.562875999999999935e-03
1.513255999999999933e-03
1.532633000000000042e-03
1.589752999999999956e-03
1.606821999999999938e-03
1.582637000000000019e-03
1.598407999999999947e-03
1.640430000000000013e-03
1.631679999999999936e-03
1.599320999999999902e-03
1.599320999999999902e-03
1.641777000000000080e-03
1.659085999999999938e-03
1.632353000000000016e-03
1.614851000000000047e-03
1.649854000000000077e-03
1.665816999999999992e-03
1.635140999999999895e-03
1.611100999999999983e-03
1.641054999999999988e-03
1.664567000000000043e-03
1.638506999999999984e-03
1.614034000000000085e-03
1.636583999999999955e-03
1.654950999999999992e-03
1.638555000000000090e-03
1.602686999999999992e-03
1.616919000000000082e-03
1.651249000000000033e-03
1.642306000000000061e-03
1.601243999999999931e-03
1.608215999999999986e-03
1.636440000000000073e-03
1.640046000000000039e-03
1.611725999999999957e-03
1.616390000000000101e-03
1.637257000000000035e-03
1.638892000000000083e-03
1.610957000000000101e-03
1.594993999999999969e-03
1.631871999999999923e-03
1.634709000000000032e-03
1.602927000000000084e-03
1.585858000000000103e-03
1.613167999999999894e-03
1.639180000000000064e-03
1.615331999999999922e-03
1.586579999999999978e-03
1.597927000000000071e-03
1.641536000000000080e-03
1.637786000000000016e-03
1.613985999999999980e-03
1.630333000000000086e-03
1.644325000000000083e-03
1.642737999999999924e-03
1.598358999999999934e-03
1.605859999999999970e-03
1.650912000000000039e-03
1.664422999999999944e-03
1.625813999999999948e-03
1.608168000000000097e-03
1.641679999999999962e-03
1.651777000000000106e-03
1.628698999999999945e-03
1.615956999999999897e-03
1.655479999999999972e-03
1.674230999999999983e-03
1.637737999999999911e-03
1.609561999999999929e-03
1.626295000000000041e-03
1.654422000000000011e-03
1.639131999999999959e-03
1.615188000000000040e-03
1.643219000000000016e-03
1.661825999999999928e-03
1.645383000000000045e-03
1.617736000000000044e-03
1.648748000000000010e-03
1.673653999999999897e-03
1.648268000000000042e-03
1.602205999999999899e-03
1.626438999999999923e-03
1.674808000000000069e-03
1.655191000000000084e-03
1.620764999999999923e-03
1.630862000000000067e-03
1.670288999999999932e-03
1.670384999999999925e-03
1.628986999999999926e-03
1.613456999999999999e-03
1.651488999999999908e-03
1.665720999999999999e-03
1.631199000000000060e-03
1.626967999999999904e-03
1.654565999999999893e-03
1.675241000000000056e-03
1.646537000000000001e-03
1.624900000000000086e-03
1.641777000000000080e-03
1.664710999999999925e-03
1.638506999999999984e-03
1.604177000000000033e-03
1.628890999999999933e-03
1.666298000000000085e-03
1.661104999999999960e-03
1.628649999999999933e-03
1.619275000000000098e-03
1.654422000000000011e-03
1.652498999999999982e-03
1.627016000000000009e-03
1.629468000000000019e-03
1.665625000000000005e-03
1.677597000000000073e-03
1.631150999999999955e-03
1.622303999999999977e-03
1.654373999999999905e-03
1.683222000000000060e-03
1.639950000000000045e-03
1.618024999999999932e-03
1.660192000000000005e-03
1.677452999999999974e-03
1.642690000000000036e-03
1.614659000000000059e-03
1.652739000000000074e-03
1.677452999999999974e-03
1.635911000000000092e-03
1.607734999999999893e-03
1.625766000000000060e-03
1.666633999999999954e-03
1.658268000000000068e-03
1.580328999999999892e-03
1.587204999999999953e-03
1.594850000000000087e-03
1.589705000000000068e-03
1.560519999999999919e-03
1.561384999999999986e-03
1.595042000000000074e-03
1.586916000000000064e-03
1.542970000000000062e-03
1.526718999999999949e-03
1.561480999999999980e-03
1.593840000000000014e-03
1.570376000000000064e-03
1.541576000000000014e-03
1.591051000000000010e-03
1.629323999999999920e-03
1.609418000000000046e-03
1.594272000000000094e-03
1.637882000000000010e-03
1.671153999999999999e-03
1.670047999999999932e-03
1.649758000000000084e-03
1.667740000000000021e-03
1.705724000000000042e-03
1.678077999999999948e-03
1.638266999999999892e-03
1.655959999999999941e-03
1.689905999999999917e-03
1.690242000000000003e-03
1.639613000000000051e-03
1.647353999999999962e-03
1.676058000000000018e-03
1.669759999999999951e-03
1.651151999999999915e-03
1.644805999999999959e-03
1.665816999999999992e-03
1.673365999999999916e-03
1.633986999999999939e-03
1.563259999999999910e-03
1.534460000000000077e-03
1.554461000000000037e-03
1.527247000000000023e-03
1.439451000000000012e-03
1.363482999999999969e-03
1.301939000000000004e-03
1.286938000000000058e-03
1.495514000000000088e-03
1.820301999999999988e-03
2.004788999999999877e-03
2.022674999999999820e-03
2.047003999999999838e-03
2.072390999999999817e-03
2.040898000000000191e-03
1.920791000000000035e-03
1.789241000000000009e-03
1.724812999999999954e-03
1.719908000000000027e-03
1.689617000000000029e-03
1.632257000000000022e-03
1.595955000000000030e-03
1.612783999999999919e-03
1.620429000000000053e-03
1.584127000000000061e-03
1.556913000000000047e-03
1.588309999999999896e-03
1.607062000000000030e-03
1.579319000000000035e-03
1.556529000000000072e-03
1.582300000000000026e-03
1.603889000000000052e-03
1.574319000000000022e-03
1.535757999999999915e-03
1.542680999999999957e-03
1.583261999999999994e-03
1.576193999999999946e-03
1.531285999999999975e-03
1.545710999999999960e-03
1.575760999999999959e-03
1.568790000000000028e-03
1.526238000000000074e-03
1.522920000000000090e-03
1.557730999999999916e-03
1.559461999999999958e-03
1.512487000000000076e-03
1.508736000000000105e-03
1.554557999999999938e-03
1.558452000000000101e-03
1.509553999999999974e-03
1.490224999999999970e-03
1.535420999999999921e-03
1.543403000000000049e-03
1.512918999999999939e-03
1.483252999999999915e-03
1.511187999999999898e-03
1.525276000000000106e-03
1.507775000000000044e-03
1.468396000000000068e-03
1.483397999999999921e-03
1.504696999999999936e-03
1.480128000000000043e-03
1.444308000000000050e-03
1.458684000000000022e-03
1.468204000000000080e-03
1.457144999999999968e-03
1.417862999999999893e-03
1.413680000000000058e-03
1.446856000000000054e-03
1.439932000000000104e-03
1.397908999999999914e-03
1.401756000000000096e-03
1.432576000000000075e-03
1.445894000000000085e-03
1.414977999999999896e-03
1.384830999999999996e-03
1.410842999999999950e-03
1.416516999999999950e-03
1.398918999999999987e-03
1.372523000000000059e-03
1.400025000000000054e-03
1.437913000000000082e-03
1.414113000000000045e-03
1.389976000000000015e-03
1.425796000000000008e-03
1.456905000000000092e-03
1.459453000000000096e-03
1.444259999999999945e-03
1.452048999999999961e-03
1.498591000000000072e-03
1.508014999999999920e-03
1.482772999999999947e-03
1.494649000000000021e-03
1.524217999999999927e-03
1.532633000000000042e-03
1.499312000000000041e-03
1.488301999999999941e-03
1.527872999999999905e-03
1.536720000000000100e-03
1.499359999999999929e-03
1.509553999999999974e-03
1.530469000000000013e-03
1.544748999999999992e-03
1.513496000000000025e-03
1.496811999999999926e-03
1.525613000000000099e-03
1.528690000000000083e-03
1.505899999999999904e-03
1.484119000000000107e-03
1.523786000000000064e-03
1.539603999999999973e-03
1.517005999999999997e-03
1.475656000000000103e-03
1.488638000000000027e-03
1.522198999999999905e-03
1.503014999999999907e-03
1.459645000000000083e-03
1.469309999999999930e-03
1.510515000000000035e-03
1.520468000000000080e-03
1.467963999999999988e-03
1.467626999999999994e-03
1.495224999999999983e-03
1.492244999999999900e-03
1.471328999999999953e-03
1.444404000000000044e-03
1.473829000000000068e-03
1.496090999999999957e-03
1.474646999999999937e-03
1.445702000000000098e-03
1.463059000000000061e-03
1.488493999999999928e-03
1.478301000000000007e-03
1.446952000000000047e-03
1.471665999999999946e-03
1.514025000000000006e-03
1.474166000000000061e-03
1.443489999999999964e-03
1.460750999999999933e-03
1.494792999999999903e-03
1.493205999999999960e-03
1.453443000000000009e-03
1.451376000000000098e-03
1.493687000000000053e-03
1.492099999999999893e-03
1.465174999999999984e-03
1.471185000000000071e-03
1.493542999999999954e-03
1.498495000000000079e-03
1.469838999999999911e-03
1.456905000000000092e-03
1.487533000000000084e-03
1.514602000000000092e-03
1.480367999999999918e-03
1.461712999999999901e-03
1.492484999999999992e-03
1.495081000000000101e-03
1.480992999999999893e-03
1.454212000000000083e-03
1.488062000000000065e-03
1.495465999999999983e-03
1.480320000000000030e-03
1.462530000000000080e-03
1.479599000000000062e-03
1.509794000000000067e-03
1.500994999999999977e-03
1.450846999999999901e-03
1.457722000000000054e-03
1.505466999999999916e-03
1.512583000000000070e-03
1.484454999999999976e-03
1.470126999999999892e-03
1.498013999999999986e-03
1.497532999999999894e-03
1.470464000000000103e-03
1.470656000000000090e-03
1.501668000000000057e-03
1.501090999999999970e-03
1.474117999999999956e-03
1.453924000000000102e-03
1.481810999999999979e-03
1.504745000000000041e-03
1.476473999999999972e-03
1.446086999999999980e-03
1.472147000000000039e-03
1.502677999999999913e-03
1.492147999999999999e-03
1.456809000000000099e-03
1.475703999999999991e-03
1.512054000000000089e-03
1.485128000000000056e-03
1.437288000000000107e-03
1.455462000000000032e-03
1.492147999999999999e-03
1.498158000000000085e-03
1.475271999999999912e-03
1.466712999999999914e-03
1.498975999999999954e-03
1.491523000000000024e-03
1.456328000000000006e-03
1.450366000000000025e-03
1.492870000000000091e-03
1.511958000000000095e-03
1.480032000000000049e-03
1.445365000000000105e-03
1.477098999999999947e-03
1.502485999999999926e-03
1.474021999999999962e-03
1.450366000000000025e-03
1.486233999999999906e-03
1.503591999999999993e-03
1.475656000000000103e-03
1.439788000000000005e-03
1.466520999999999927e-03
1.495514000000000088e-03
1.472194999999999927e-03
1.425604000000000020e-03
1.449212000000000070e-03
1.478205000000000014e-03
1.447528999999999916e-03
1.399447999999999968e-03
1.404833000000000080e-03
1.429642999999999973e-03
1.429499000000000091e-03
1.387234999999999900e-03
1.379734999999999989e-03
1.404929000000000074e-03
1.398581999999999994e-03
1.357616999999999982e-03
1.342038999999999949e-03
1.403198000000000032e-03
1.437335999999999996e-03
1.427431000000000056e-03
1.399447999999999968e-03
1.440316999999999986e-03
1.462193999999999994e-03
1.463539999999999936e-03
1.425267999999999934e-03
1.461808999999999895e-03
1.511909999999999990e-03
1.490945999999999938e-03
1.465511000000000071e-03
1.484744000000000081e-03
1.520709000000000080e-03
1.524699000000000020e-03
1.485898000000000036e-03
1.477915999999999909e-03
1.496331000000000050e-03
1.516332999999999917e-03
1.480896999999999899e-03
1.474791000000000036e-03
1.506188000000000101e-03
1.509408999999999968e-03
1.474501999999999931e-03
1.462577999999999968e-03
1.495177000000000095e-03
1.487147999999999986e-03
1.410217999999999975e-03
1.327711000000000082e-03
1.350405000000000051e-03
1.367137000000000040e-03
1.260637999999999906e-03
1.115384999999999988e-03
1.070814000000000011e-03
1.190246999999999963e-03
1.465703999999999965e-03
1.716686999999999944e-03
1.832417999999999937e-03
1.884297999999999963e-03
1.934926999999999914e-03
1.886412999999999979e-03
1.812416000000000070e-03
1.741401000000000060e-03
1.664038000000000062e-03
1.565135000000000050e-03
1.494022999999999922e-03
1.488879000000000027e-03
1.494649000000000021e-03
1.447336999999999929e-03
1.423776999999999985e-03
1.455895000000000019e-03
1.461375999999999908e-03
1.426277000000000100e-03
1.394592000000000054e-03
1.419593999999999934e-03
1.445702000000000098e-03
1.422431000000000043e-03
1.380504000000000063e-03
1.410266000000000080e-03
1.445990999999999986e-03
1.422045999999999944e-03
1.384639000000000009e-03
1.389447000000000034e-03
1.439547999999999913e-03
1.433489000000000031e-03
1.379302000000000002e-03
1.392669000000000025e-03
1.430845000000000034e-03
1.417478000000000011e-03
1.388148999999999980e-03
1.381705999999999906e-03
1.401226999999999898e-03
1.416900999999999924e-03
1.390360999999999897e-03
1.363098999999999995e-03
1.391658999999999952e-03
1.414593000000000014e-03
1.390937999999999983e-03
1.375743999999999925e-03
1.393245999999999894e-03
1.400793999999999911e-03
1.374205000000000088e-03
1.345693000000000019e-03
1.354636999999999898e-03
1.390986000000000089e-03
1.383197000000000072e-03
1.335741000000000098e-03
1.343000999999999917e-03
1.369060999999999976e-03
1.372811000000000040e-03
1.318960000000000098e-03
1.315643000000000021e-03
1.352040000000000099e-03
1.339106000000000064e-03
1.304679999999999902e-03
1.301122000000000042e-03
1.314391999999999948e-03
1.336462000000000067e-03
1.303286000000000071e-03
1.288284000000000000e-03
1.316508000000000088e-03
1.335356000000000000e-03
1.304007000000000039e-03
1.289245999999999968e-03
1.306555000000000043e-03
1.323142999999999932e-03
1.299680000000000106e-03
1.282130000000000032e-03
1.308958999999999947e-03
1.350789999999999933e-03
1.339443000000000057e-03
1.311075000000000088e-03
1.345309000000000045e-03
1.394543999999999949e-03
1.395986000000000102e-03
1.375214999999999944e-03
1.392620000000000012e-03
1.415940000000000080e-03
1.409207999999999902e-03
1.389014000000000047e-03
1.402236999999999971e-03
1.445798000000000092e-03
1.460415000000000064e-03
1.429595000000000084e-03
1.423633000000000103e-03
1.454741000000000064e-03
1.472243000000000033e-03
1.447528999999999916e-03
1.427478999999999944e-03
1.453298999999999910e-03
1.486666999999999893e-03
1.452818000000000035e-03
1.421998000000000055e-03
1.440220999999999993e-03
1.466520999999999927e-03
1.456328000000000006e-03
1.407285000000000090e-03
1.410266000000000080e-03
1.458972000000000003e-03
1.457001000000000086e-03
1.419305000000000046e-03
1.432768000000000062e-03
1.463925000000000035e-03
1.448250000000000101e-03
1.408247000000000058e-03
1.416132000000000068e-03
1.448297999999999990e-03
1.439883999999999999e-03
1.402861999999999946e-03
1.397620999999999933e-03
1.441470999999999942e-03
1.452722000000000041e-03
1.415940000000000080e-03
1.398727000000000000e-03
1.425026999999999934e-03
1.454067999999999984e-03
1.435700999999999948e-03
1.411804999999999918e-03
1.425796000000000008e-03
1.455125999999999946e-03
1.440365000000000091e-03
1.401083000000000016e-03
1.428585000000000011e-03
1.464356999999999898e-03
1.451952000000000060e-03
1.420987999999999982e-03
1.440557000000000079e-03
1.464646000000000003e-03
1.448250000000000101e-03
1.416469000000000061e-03
1.406324000000000029e-03
1.454404999999999977e-03
1.461520999999999914e-03
1.422045999999999944e-03
1.433826000000000024e-03
1.467579000000000106e-03
1.462963000000000067e-03
1.447095999999999929e-03
1.433489000000000031e-03
1.467290000000000001e-03
1.489359999999999903e-03
1.460654999999999940e-03
1.429066000000000104e-03
1.451760000000000073e-03
1.476473999999999972e-03
1.458106999999999936e-03
1.432094999999999983e-03
1.451423999999999987e-03
1.479407000000000074e-03
1.469934999999999905e-03
1.451086999999999993e-03
1.452961999999999917e-03
1.483734000000000008e-03
1.475271999999999912e-03
1.441229999999999942e-03
1.439259000000000024e-03
1.470607999999999985e-03
1.483734000000000008e-03
1.463635999999999930e-03
1.437576000000000088e-03
1.467338000000000106e-03
1.483781999999999896e-03
1.452048999999999961e-03
1.443105999999999989e-03
1.475703999999999991e-03
1.475175999999999918e-03
1.441519000000000047e-03
1.426661999999999982e-03
1.466906000000000026e-03
1.486714999999999998e-03
1.468155999999999975e-03
1.442191999999999910e-03
1.452481000000000041e-03
1.483734000000000008e-03
1.467771000000000093e-03
1.433152999999999944e-03
1.442864999999999990e-03
1.478156999999999908e-03
1.470223000000000103e-03
1.444835999999999907e-03
1.459453000000000096e-03
1.494745000000000015e-03
1.485608999999999931e-03
1.450991000000000000e-03
1.451231000000000092e-03
1.488158000000000059e-03
1.496715999999999932e-03
1.469646000000000017e-03
1.444067000000000050e-03
1.474983000000000023e-03
1.484454999999999976e-03
1.463492000000000048e-03
1.439451000000000012e-03
1.463684000000000035e-03
1.491764000000000024e-03
1.469454000000000029e-03
1.434065999999999900e-03
1.453347000000000016e-03
1.503640000000000098e-03
1.496764000000000037e-03
1.427382999999999950e-03
1.442432000000000002e-03
1.454357000000000089e-03
1.440365000000000091e-03
1.393101000000000105e-03
1.391129999999999971e-03
1.427094999999999969e-03
1.417478000000000011e-03
1.390649000000000095e-03
1.377090000000000085e-03
1.412573999999999991e-03
1.414738000000000020e-03
1.383965999999999929e-03
1.400505999999999930e-03
1.427335000000000062e-03
1.451711999999999968e-03
1.439932000000000104e-03
1.413919999999999934e-03
1.451519999999999980e-03
1.497485000000000005e-03
1.477627999999999928e-03
1.461616999999999908e-03
1.487676999999999966e-03
1.530469000000000013e-03
1.523112999999999984e-03
1.484695999999999976e-03
1.494312000000000027e-03
1.521189000000000048e-03
1.509698000000000073e-03
1.476089000000000090e-03
1.491619000000000018e-03
1.530373000000000020e-03
1.513112000000000051e-03
1.477435999999999940e-03
1.463106999999999949e-03
1.497580999999999999e-03
1.517871999999999971e-03
1.492340999999999893e-03
1.440798000000000079e-03
1.429738999999999967e-03
1.415267000000000001e-03
1.402093000000000089e-03
1.380167000000000069e-03
1.346414999999999895e-03
1.250107999999999992e-03
1.127837999999999931e-03
1.158177000000000035e-03
1.453683000000000102e-03
1.723658999999999998e-03
1.815685999999999949e-03
1.757459999999999968e-03
1.818378000000000052e-03
1.899155000000000027e-03
1.874152000000000023e-03
1.752747999999999936e-03
1.656104999999999947e-03
1.625333000000000073e-03
1.575231999999999978e-03
1.492244999999999900e-03
1.462963000000000067e-03
1.479840000000000062e-03
1.472868000000000007e-03
1.433826000000000024e-03
1.421710000000000074e-03
1.448779000000000082e-03
1.472627000000000007e-03
1.436950999999999897e-03
1.415795999999999982e-03
1.436566999999999922e-03
1.449692999999999945e-03
1.428152000000000024e-03
1.401130999999999904e-03
1.424787000000000059e-03
1.444739999999999913e-03
1.421710000000000074e-03
1.378099999999999941e-03
1.402620999999999946e-03
1.441133999999999948e-03
1.419738000000000033e-03
1.378387999999999922e-03
1.386466000000000044e-03
1.429162000000000097e-03
1.429401999999999973e-03
1.383965999999999929e-03
1.382186999999999999e-03
1.416371999999999944e-03
1.415218999999999895e-03
1.374877999999999951e-03
1.359156000000000036e-03
1.393245999999999894e-03
1.413727999999999946e-03
1.395601000000000003e-03
1.356414999999999921e-03
1.380600000000000056e-03
1.406083000000000029e-03
1.381417999999999926e-03
1.350501000000000045e-03
1.365406999999999905e-03
1.374685999999999964e-03
1.358723000000000049e-03
1.337279000000000028e-03
1.340980999999999987e-03
1.357761999999999988e-03
1.350981999999999921e-03
1.312325000000000037e-03
1.320690999999999922e-03
1.355885999999999940e-03
1.345740999999999908e-03
1.292947999999999927e-03
1.283524000000000080e-03
1.332279000000000015e-03
1.338481000000000089e-03
1.294006000000000106e-03
1.293572999999999902e-03
1.319969999999999954e-03
1.323142999999999932e-03
1.279870000000000009e-03
1.282514999999999914e-03
1.310883000000000100e-03
1.348337999999999924e-03
1.319873999999999960e-03
1.275927999999999958e-03
1.309054999999999941e-03
1.343241000000000010e-03
1.333816999999999945e-03
1.325980000000000041e-03
1.351030000000000026e-03
1.385792999999999964e-03
1.393677999999999974e-03
1.359781000000000011e-03
1.364252999999999950e-03
1.409784999999999988e-03
1.416900999999999924e-03
1.387860999999999999e-03
1.392765000000000019e-03
1.437623999999999977e-03
1.436182000000000040e-03
1.400168999999999936e-03
1.392091999999999939e-03
1.420987999999999982e-03
1.426277000000000100e-03
1.390553000000000101e-03
1.394014999999999968e-03
1.432286999999999970e-03
1.450317999999999920e-03
1.412765999999999978e-03
1.350885999999999927e-03
1.395456999999999904e-03
1.440653000000000072e-03
1.417237999999999918e-03
1.375167000000000056e-03
1.395746000000000009e-03
1.416565000000000055e-03
1.405554000000000048e-03
1.369685999999999950e-03
1.376608999999999992e-03
1.414497000000000020e-03
1.406420000000000023e-03
1.373003000000000027e-03
1.359636999999999912e-03
1.392716999999999913e-03
1.407861999999999959e-03
1.384783000000000108e-03
1.371561000000000091e-03
1.388293000000000079e-03
1.386803000000000037e-03
1.360262000000000103e-03
1.351175000000000032e-03
1.379397999999999996e-03
1.404737000000000086e-03
1.392812999999999907e-03
1.355213000000000077e-03
1.383485000000000053e-03
1.413390999999999953e-03
1.394110999999999961e-03
1.355550000000000071e-03
1.373148000000000033e-03
1.405699000000000054e-03
1.399929000000000060e-03
1.375792000000000031e-03
1.381225000000000031e-03
1.413584000000000064e-03
1.406659999999999898e-03
1.372954999999999922e-03
1.380937000000000050e-03
1.417623000000000017e-03
1.396082000000000095e-03
1.364444999999999937e-03
1.358194000000000068e-03
1.405313999999999956e-03
1.408968000000000026e-03
1.382138999999999894e-03
1.360742999999999979e-03
1.395360999999999910e-03
1.424979000000000046e-03
1.395023999999999917e-03
1.363386999999999976e-03
1.392140000000000044e-03
1.418055000000000097e-03
1.404351999999999987e-03
1.367617999999999915e-03
1.390312000000000102e-03
1.405025000000000067e-03
1.388581999999999967e-03
1.369205000000000075e-03
1.373244000000000027e-03
1.411563999999999918e-03
1.410170000000000087e-03
1.378628999999999922e-03
1.367329999999999934e-03
1.403294999999999933e-03
1.413055000000000084e-03
1.377090000000000085e-03
1.371896999999999960e-03
1.413390999999999953e-03
1.419497999999999940e-03
1.381417999999999926e-03
1.365742999999999992e-03
1.399929000000000060e-03
1.408680000000000045e-03
1.381609999999999913e-03
1.372425999999999941e-03
1.405601999999999937e-03
1.430124000000000065e-03
1.402669000000000051e-03
1.373436000000000014e-03
1.394688000000000047e-03
1.416228000000000061e-03
1.398437999999999895e-03
1.375214999999999944e-03
1.394688000000000047e-03
1.429258000000000091e-03
1.393871000000000086e-03
1.352136000000000093e-03
1.368580000000000100e-03
1.403968000000000013e-03
1.409448999999999902e-03
1.378677000000000027e-03
1.373195999999999922e-03
1.410025999999999988e-03
1.428489000000000017e-03
1.384302000000000015e-03
1.374781999999999957e-03
1.413727999999999946e-03
1.408872000000000032e-03
1.374926999999999963e-03
1.357424999999999994e-03
1.399929000000000060e-03
1.428344999999999919e-03
1.396370999999999984e-03
1.350452999999999940e-03
1.356271000000000039e-03
1.398245999999999907e-03
1.399208000000000092e-03
1.349347999999999997e-03
1.349058999999999892e-03
1.368580000000000100e-03
1.350068999999999965e-03
1.302467999999999985e-03
1.308429999999999966e-03
1.336462000000000067e-03
1.337808000000000009e-03
1.297853000000000071e-03
1.291650000000000090e-03
1.320451000000000047e-03
1.330931999999999948e-03
1.312276999999999931e-03
1.319152999999999992e-03
1.348721999999999898e-03
1.379061999999999909e-03
1.361030999999999960e-03
1.352520999999999975e-03
1.388726000000000066e-03
1.420410999999999896e-03
1.394063000000000073e-03
1.383965999999999929e-03
1.418680000000000071e-03
1.445172999999999900e-03
1.428297000000000030e-03
1.378773000000000021e-03
1.395023999999999917e-03
1.437047000000000107e-03
1.431855000000000107e-03
1.392620000000000012e-03
1.408486999999999933e-03
1.434018000000000011e-03
1.438248999999999951e-03
1.392187999999999932e-03
1.383918000000000040e-03
1.409688999999999994e-03
1.415746999999999969e-03
1.379879000000000088e-03
1.325402999999999954e-03
1.318528000000000018e-03
1.297996999999999953e-03
1.273667999999999936e-03
1.196882000000000024e-03
1.109710999999999987e-03
1.051966000000000099e-03
1.033838999999999939e-03
1.242318999999999975e-03
1.572636000000000086e-03
1.766884000000000033e-03
1.769865000000000023e-03
1.775971000000000103e-03
1.816310999999999924e-03
1.795780000000000076e-03
1.696973999999999965e-03
1.568790000000000028e-03
1.506092000000000108e-03
1.480463999999999912e-03
1.441662999999999929e-03
1.378773000000000021e-03
1.372907000000000034e-03
1.392379999999999920e-03
1.369926000000000043e-03
1.330259000000000085e-03
1.323816000000000012e-03
1.354876999999999991e-03
1.365983999999999992e-03
1.341076999999999981e-03
1.325067000000000085e-03
1.351703000000000106e-03
1.367907000000000020e-03
1.335404000000000105e-03
1.314344000000000059e-03
1.330692000000000073e-03
1.346703000000000093e-03
1.329345999999999913e-03
1.302180000000000004e-03
1.319201000000000098e-03
1.357714000000000100e-03
1.338624999999999971e-03
1.301747000000000017e-03
1.307276999999999918e-03
1.338289000000000102e-03
1.331654000000000041e-03
1.295736999999999930e-03
1.313719000000000085e-03
1.328673000000000050e-03
1.320210000000000047e-03
1.289198000000000080e-03
1.273620000000000047e-03
1.318334999999999906e-03
1.330018999999999993e-03
1.283620999999999981e-03
1.271456000000000018e-03
1.306892000000000036e-03
1.312037000000000056e-03
1.267321000000000072e-03
1.239194000000000103e-03
1.263281999999999903e-03
1.287947999999999914e-03
1.275061999999999984e-03
1.232365999999999930e-03
1.246741999999999902e-03
1.257609000000000027e-03
1.248809999999999937e-03
1.223326999999999965e-03
1.214769000000000092e-03
1.243135999999999937e-03
1.236356999999999994e-03
1.208181000000000012e-03
1.207893000000000031e-03
1.232461999999999924e-03
1.231260000000000080e-03
1.188419999999999928e-03
1.196882000000000024e-03
1.228616000000000083e-03
1.226740999999999943e-03
1.196208999999999944e-03
1.176207000000000077e-03
1.221066999999999942e-03
1.247751999999999976e-03
1.224384999999999927e-03
1.200104000000000014e-03
1.232606999999999930e-03
1.263185999999999910e-03
1.248570000000000062e-03
1.219865000000000099e-03
1.240973000000000033e-03
1.301314000000000030e-03
1.307949999999999998e-03
1.276505000000000044e-03
1.298670000000000033e-03
1.343049000000000022e-03
1.321892999999999983e-03
1.302084000000000010e-03
1.307468999999999906e-03
1.352808999999999956e-03
1.349251000000000096e-03
1.307517000000000011e-03
1.313719000000000085e-03
1.353915000000000023e-03
1.350356999999999946e-03
1.323046999999999938e-03
1.311700000000000062e-03
1.341895000000000067e-03
1.360501999999999979e-03
1.331797999999999923e-03
1.300881999999999950e-03
1.336076999999999968e-03
1.345501000000000032e-03
1.323238999999999926e-03
1.288092000000000013e-03
1.318671999999999900e-03
1.347424000000000061e-03
1.334298000000000038e-03
1.303911000000000046e-03
1.308958999999999947e-03
1.327421999999999977e-03
1.320594999999999929e-03
1.280111000000000009e-03
1.288284000000000000e-03
1.351463000000000013e-03
1.337663999999999910e-03
1.287996000000000019e-03
1.284198000000000067e-03
1.323191000000000037e-03
1.327950999999999958e-03
1.288620999999999994e-03
1.281505000000000057e-03
1.305113000000000106e-03
1.326748999999999897e-03
1.307131999999999912e-03
1.278042999999999974e-03
1.307804999999999992e-03
1.339682999999999933e-03
1.323238999999999926e-03
1.293621000000000007e-03
1.316651999999999970e-03
1.331558000000000047e-03
1.316459999999999983e-03
1.286554000000000083e-03
1.316651999999999970e-03
1.343914000000000089e-03
1.318095000000000031e-03
1.285352000000000022e-03
1.308527000000000084e-03
1.342520000000000041e-03
1.340307999999999907e-03
1.305448999999999976e-03
1.299776000000000100e-03
1.336893999999999930e-03
1.340356000000000013e-03
1.319922000000000066e-03
1.316267999999999995e-03
1.346463000000000000e-03
1.362088999999999921e-03
1.335933000000000086e-03
1.314103999999999967e-03
1.349347999999999997e-03
1.354011000000000017e-03
1.330692000000000073e-03
1.313287000000000005e-03
1.325114999999999973e-03
1.357377000000000106e-03
1.353962999999999911e-03
1.315449999999999909e-03
1.329827000000000006e-03
1.380696000000000050e-03
1.364926000000000030e-03
1.299439000000000106e-03
1.317854000000000031e-03
1.349058999999999892e-03
1.345068000000000045e-03
1.321412000000000107e-03
1.323767999999999907e-03
1.351077999999999914e-03
1.364444999999999937e-03
1.336797999999999936e-03
1.321653000000000107e-03
1.363194999999999988e-03
1.362570000000000014e-03
1.323912999999999913e-03
1.308333999999999973e-03
1.343673999999999997e-03
1.363482999999999969e-03
1.337999999999999997e-03
1.320594999999999929e-03
1.355068999999999978e-03
1.370118000000000030e-03
1.340307999999999907e-03
1.321941000000000088e-03
1.344394999999999965e-03
1.370598999999999906e-03
1.356655999999999921e-03
1.302900999999999972e-03
1.318911999999999992e-03
1.356318999999999927e-03
1.356510999999999915e-03
1.319585000000000072e-03
1.314103999999999967e-03
1.345068000000000045e-03
1.361079000000000065e-03
1.330451999999999980e-03
1.316412000000000094e-03
1.355260999999999966e-03
1.363531000000000075e-03
1.333577000000000070e-03
1.315018000000000046e-03
1.348819000000000016e-03
1.369877999999999938e-03
1.352232000000000087e-03
1.322133999999999983e-03
1.331125000000000060e-03
1.365887000000000091e-03
1.341750999999999968e-03
1.316508000000000088e-03
1.329441999999999907e-03
1.362088999999999921e-03
1.348866999999999905e-03
1.291168999999999997e-03
1.300544999999999956e-03
1.327854999999999964e-03
1.293766000000000013e-03
1.269965999999999977e-03
1.269195999999999996e-03
1.297563999999999966e-03
1.290303999999999930e-03
1.240444000000000052e-03
1.229817999999999927e-03
1.269628999999999983e-03
1.291409999999999997e-03
1.280302999999999997e-03
1.271311999999999920e-03
1.308382000000000078e-03
1.352953999999999962e-03
1.317613999999999938e-03
1.296314000000000017e-03
1.320835000000000021e-03
1.368531999999999995e-03
1.386705999999999920e-03
1.379014000000000021e-03
1.385263999999999983e-03
1.394351000000000054e-03
1.385984999999999951e-03
1.382764000000000085e-03
1.414689999999999915e-03
1.413535999999999959e-03
1.390119999999999897e-03
1.356992000000000007e-03
1.361945000000000039e-03
1.396611000000000076e-03
1.390841000000000082e-03
1.367762999999999922e-03
1.358482999999999956e-03
1.405025000000000067e-03
1.409593000000000000e-03
1.366271999999999973e-03
1.315257999999999922e-03
1.304583999999999909e-03
1.288043999999999908e-03
1.255396999999999893e-03
1.203997999999999961e-03
1.144859000000000024e-03
1.079372000000000100e-03
9.976824999999999062e-04
1.104181999999999993e-03
1.444210999999999932e-03
1.720918000000000100e-03
1.769095000000000042e-03
1.764720000000000004e-03
1.820638000000000074e-03
1.841409000000000015e-03
1.728802999999999894e-03
1.579415999999999936e-03
1.507775000000000044e-03
1.491139000000000049e-03
1.447481000000000028e-03
1.386803000000000037e-03
1.366367999999999966e-03
1.379638999999999996e-03
1.397765000000000032e-03
1.364444999999999937e-03
1.328961000000000031e-03
1.370551000000000018e-03
1.391370000000000063e-03
1.344539000000000064e-03
1.324297000000000104e-03
1.342953000000000029e-03
1.367329999999999934e-03
1.351991999999999994e-03
1.326268999999999929e-03
1.343096999999999911e-03
1.370935999999999899e-03
1.360983000000000071e-03
1.322566000000000063e-03
1.335164000000000012e-03
1.370167000000000043e-03
1.353482000000000036e-03
1.322758999999999957e-03
1.343529999999999898e-03
1.362857999999999995e-03
1.354395999999999899e-03
1.321219999999999903e-03
1.314873000000000040e-03
1.367233999999999941e-03
1.375502999999999925e-03
1.332711000000000095e-03
1.316892999999999970e-03
1.343722000000000102e-03
1.365791000000000097e-03
1.340644999999999901e-03
1.291793999999999972e-03
1.324538000000000104e-03
1.338289000000000102e-03
1.327903000000000069e-03
1.296602999999999905e-03
1.310065000000000014e-03
1.340115999999999920e-03
1.321459999999999996e-03
1.269581000000000095e-03
1.286985999999999946e-03
1.305497999999999988e-03
1.298813999999999915e-03
1.257513000000000034e-03
1.264436000000000076e-03
1.300111999999999969e-03
1.303045000000000071e-03
1.262897999999999929e-03
1.262513000000000047e-03
1.282659000000000013e-03
1.272562000000000085e-03
1.236693000000000080e-03
1.232173999999999943e-03
1.272033000000000105e-03
1.300834000000000061e-03
1.257752999999999909e-03
1.224288999999999933e-03
1.258811000000000088e-03
1.284053000000000061e-03
1.268618999999999910e-03
1.251310000000000052e-03
1.289486999999999968e-03
1.322854999999999951e-03
1.316988999999999964e-03
1.303719000000000058e-03
1.351655000000000001e-03
1.379014000000000021e-03
1.365069999999999912e-03
1.343769999999999991e-03
1.362233000000000020e-03
1.391850999999999939e-03
1.402620999999999946e-03
1.377186000000000079e-03
1.381466000000000031e-03
1.416757000000000042e-03
1.428152000000000024e-03
1.388244999999999974e-03
1.381129000000000037e-03
1.426518000000000100e-03
1.443346000000000082e-03
1.413198999999999966e-03
1.373869000000000002e-03
1.412814000000000084e-03
1.456328000000000006e-03
1.432527999999999970e-03
1.402428999999999959e-03
1.430557000000000053e-03
1.437047000000000107e-03
1.417815000000000004e-03
1.397187999999999946e-03
1.393726000000000079e-03
1.420218999999999909e-03
1.420122999999999915e-03
1.392812999999999907e-03
1.399110999999999974e-03
1.417959000000000103e-03
1.408582999999999927e-03
1.383003999999999961e-03
1.398390000000000006e-03
1.443683000000000076e-03
1.446278999999999967e-03
1.391274000000000070e-03
1.383677000000000041e-03
1.415458999999999988e-03
1.425508000000000027e-03
1.403053999999999933e-03
1.379110000000000015e-03
1.414930000000000007e-03
1.435749000000000053e-03
1.418921000000000071e-03
1.390792999999999977e-03
1.405072999999999956e-03
1.426373000000000094e-03
1.425988999999999902e-03
1.384830999999999996e-03
1.395552999999999898e-03
1.440316999999999986e-03
1.432527999999999970e-03
1.400072999999999943e-03
1.406563999999999905e-03
1.461665000000000013e-03
1.470464000000000103e-03
1.419064999999999953e-03
1.419785999999999921e-03
1.455366000000000038e-03
1.462675000000000086e-03
1.417190000000000030e-03
1.422045999999999944e-03
1.463876999999999930e-03
1.474550999999999943e-03
1.440173000000000104e-03
1.410938999999999943e-03
1.449884999999999933e-03
1.470030999999999899e-03
1.435171999999999967e-03
1.419113000000000058e-03
1.449884999999999933e-03
1.491282999999999932e-03
1.467098000000000013e-03
1.429401999999999973e-03
1.448587000000000095e-03
1.495465999999999983e-03
1.486329999999999900e-03
1.437817000000000088e-03
1.435508999999999960e-03
1.484071000000000001e-03
1.478733999999999995e-03
1.456375999999999895e-03
1.455413999999999927e-03
1.484311000000000094e-03
1.499167999999999942e-03
1.465895999999999953e-03
1.450174000000000038e-03
1.499263999999999935e-03
1.497677999999999900e-03
1.449692999999999945e-03
1.443056999999999977e-03
1.488158000000000059e-03
1.493397999999999948e-03
1.470944000000000071e-03
1.450895000000000006e-03
1.473349000000000100e-03
1.496523999999999945e-03
1.481618999999999992e-03
1.467867000000000087e-03
1.483493999999999915e-03
1.483252999999999915e-03
1.476665999999999960e-03
1.453539000000000003e-03
1.474646999999999937e-03
1.505707000000000009e-03
1.502967000000000018e-03
1.477676000000000033e-03
1.473925999999999969e-03
1.514698000000000086e-03
1.514313999999999895e-03
1.471185000000000071e-03
1.458780000000000016e-03
1.489744000000000094e-03
1.515419999999999962e-03
1.482964999999999934e-03
1.469791000000000023e-03
1.494745000000000015e-03
1.519939000000000099e-03
1.486810999999999992e-03
1.449500000000000051e-03
1.493062000000000078e-03
1.507534000000000044e-03
1.471618000000000058e-03
1.444259999999999945e-03
1.466712999999999914e-03
1.470944000000000071e-03
1.452240999999999949e-03
1.413727999999999946e-03
1.405842999999999936e-03
1.441519000000000047e-03
1.445029000000000018e-03
1.398727000000000000e-03
1.392571999999999907e-03
1.438346000000000069e-03
1.453875999999999996e-03
1.447193000000000047e-03
1.436615000000000027e-03
1.462338000000000093e-03
1.476377999999999979e-03
1.456952999999999981e-03
1.458251000000000035e-03
1.506621000000000089e-03
1.523496999999999959e-03
1.523592999999999953e-03
1.510178999999999949e-03
1.532247999999999943e-03
1.552729999999999996e-03
1.532006999999999943e-03
1.515564000000000060e-03
1.539940999999999966e-03
1.540565999999999941e-03
1.532296000000000049e-03
1.503495000000000092e-03
1.518545000000000051e-03
1.544316000000000005e-03
1.548354999999999957e-03
1.504024000000000073e-03
1.499071999999999948e-03
1.549316999999999925e-03
1.547633999999999989e-03
1.465607999999999972e-03
1.429979000000000059e-03
1.428825000000000104e-03
1.457240999999999962e-03
1.421036000000000087e-03
1.321509000000000008e-03
1.243184000000000042e-03
1.175005000000000016e-03
1.244050000000000017e-03
1.525756999999999981e-03
1.747169999999999930e-03
1.833764000000000097e-03
1.819099999999999927e-03
1.841217000000000027e-03
1.885210999999999918e-03
1.897905000000000078e-03
1.793953000000000041e-03
1.659902999999999899e-03
1.619130000000000092e-03
1.605955999999999963e-03
1.570088000000000083e-03
1.497436999999999900e-03
1.462146000000000105e-03
1.510611000000000028e-03
1.510274999999999942e-03
1.476955000000000065e-03
1.470223000000000103e-03
1.492580999999999986e-03
1.493591000000000059e-03
1.454982000000000063e-03
1.432143000000000088e-03
1.473588999999999975e-03
1.492870000000000091e-03
1.479262000000000068e-03
1.446037999999999967e-03
1.475416000000000010e-03
1.483878000000000107e-03
1.452914000000000028e-03
1.428489000000000017e-03
1.465558999999999959e-03
1.501813000000000063e-03
1.470174999999999997e-03
1.414930000000000007e-03
1.439739999999999900e-03
1.483781999999999896e-03
1.460991999999999933e-03
1.429930999999999954e-03
1.432382999999999964e-03
1.468637000000000067e-03
1.457144999999999968e-03
1.422766999999999912e-03
1.426757999999999976e-03
1.456087000000000006e-03
1.445365000000000105e-03
1.410121999999999981e-03
1.404833000000000080e-03
1.447914000000000015e-03
1.463925000000000035e-03
1.421806000000000068e-03
1.387283999999999913e-03
1.414785999999999908e-03
1.427431000000000056e-03
1.400313000000000035e-03
1.376225000000000018e-03
1.392332000000000031e-03
1.414930000000000007e-03
1.389639000000000022e-03
1.356126999999999940e-03
1.374205000000000088e-03
1.394543999999999949e-03
1.376512999999999999e-03
1.345501000000000032e-03
1.360887000000000078e-03
1.382186999999999999e-03
1.388869999999999948e-03
1.346558999999999994e-03
1.348578000000000016e-03
1.377474999999999967e-03
1.390745000000000089e-03
1.359685000000000017e-03
1.331221000000000054e-03
1.364011999999999950e-03
1.387668000000000105e-03
1.369830000000000049e-03
1.347183999999999968e-03
1.400601999999999923e-03
1.424546000000000059e-03
1.397187999999999946e-03
1.387715999999999993e-03
1.423007999999999912e-03
1.444259999999999945e-03
1.437864999999999976e-03
1.421806000000000068e-03
1.435990000000000053e-03
1.484695999999999976e-03
1.478445000000000106e-03
1.444259999999999945e-03
1.468588999999999962e-03
1.510466999999999929e-03
1.491668000000000030e-03
1.451231000000000092e-03
1.450991000000000000e-03
1.495994999999999964e-03
1.494696000000000002e-03
1.462434000000000086e-03
1.454020000000000095e-03
1.493205999999999960e-03
1.509312999999999974e-03
1.469742999999999918e-03
1.456279999999999901e-03
1.470895999999999966e-03
1.483781999999999896e-03
1.460558999999999946e-03
1.433826000000000024e-03
1.460221999999999952e-03
1.483109000000000033e-03
1.477723999999999921e-03
1.448346000000000095e-03
1.457963000000000054e-03
1.477723999999999921e-03
1.469454000000000029e-03
1.448683000000000089e-03
1.460607000000000051e-03
1.478109000000000020e-03
1.464597999999999898e-03
1.432864000000000056e-03
1.416612999999999943e-03
1.469405999999999924e-03
1.470126999999999892e-03
1.434259000000000011e-03
1.435653000000000059e-03
1.454596999999999965e-03
1.464309000000000010e-03
1.429834999999999960e-03
1.410121999999999981e-03
1.466857999999999921e-03
1.477676000000000033e-03
1.455078000000000057e-03
1.435845000000000047e-03
1.463347999999999949e-03
1.500561999999999990e-03
1.479887999999999950e-03
1.445221000000000006e-03
1.457434000000000073e-03
1.481569999999999979e-03
1.470752000000000084e-03
1.438393999999999957e-03
1.448346000000000095e-03
1.490369000000000069e-03
1.483685999999999902e-03
1.444018999999999945e-03
1.440220999999999993e-03
1.484791999999999969e-03
1.490994000000000043e-03
1.446327000000000073e-03
1.434450999999999999e-03
1.482821000000000052e-03
1.494071999999999935e-03
1.458972000000000003e-03
1.449500000000000051e-03
1.491764000000000024e-03
1.497436999999999900e-03
1.465944000000000058e-03
1.450750999999999907e-03
1.484695999999999976e-03
1.506764999999999971e-03
1.482676000000000046e-03
1.451423999999999987e-03
1.462771000000000080e-03
1.496378999999999938e-03
1.491090000000000037e-03
1.463010999999999956e-03
1.457963000000000054e-03
1.488350000000000046e-03
1.486714999999999998e-03
1.459164999999999898e-03
1.473108000000000100e-03
1.505033999999999929e-03
1.495994999999999964e-03
1.473204000000000093e-03
1.458731999999999911e-03
1.484119000000000107e-03
1.500659000000000107e-03
1.474934999999999918e-03
1.459453000000000096e-03
1.487339999999999973e-03
1.487435999999999967e-03
1.472964000000000001e-03
1.460125999999999959e-03
1.493446999999999960e-03
1.500561999999999990e-03
1.464260999999999905e-03
1.457240999999999962e-03
1.481281999999999998e-03
1.510515000000000035e-03
1.492244999999999900e-03
1.459933999999999971e-03
1.483878000000000107e-03
1.502340999999999920e-03
1.501188000000000088e-03
1.465223000000000090e-03
1.463876999999999930e-03
1.495224999999999983e-03
1.486810999999999992e-03
1.460703000000000045e-03
1.459164999999999898e-03
1.485608999999999931e-03
1.485994000000000030e-03
1.453394999999999904e-03
1.441615000000000041e-03
1.471520999999999940e-03
1.480463999999999912e-03
1.448875000000000076e-03
1.410603000000000074e-03
1.428393000000000024e-03
1.448922999999999964e-03
1.425700000000000014e-03
1.395986000000000102e-03
1.411804999999999918e-03
1.426757999999999976e-03
1.406371999999999917e-03
1.349298999999999985e-03
1.372041999999999966e-03
1.426324999999999989e-03
1.432239000000000081e-03
1.400409999999999936e-03
1.412477999999999997e-03
1.449549000000000063e-03
1.451135000000000098e-03
1.440702000000000085e-03
1.435796999999999941e-03
1.489359999999999903e-03
1.513159999999999939e-03
1.482051000000000071e-03
1.481763000000000090e-03
1.510562999999999923e-03
1.527055000000000036e-03
1.506860999999999964e-03
1.480849000000000011e-03
1.513304000000000038e-03
1.545277999999999973e-03
1.511862000000000102e-03
1.488975000000000021e-03
1.505851000000000108e-03
1.507293999999999952e-03
1.495802000000000069e-03
1.461905000000000105e-03
1.480800999999999906e-03
1.528690000000000083e-03
1.502438000000000037e-03
1.399735999999999949e-03
1.362953999999999988e-03
1.382523000000000085e-03
1.385024000000000107e-03
1.295352000000000049e-03
1.181593000000000096e-03
1.128174000000000017e-03
1.147166000000000028e-03
1.364877999999999925e-03
1.653219999999999950e-03
1.842658999999999964e-03
1.874873999999999898e-03
1.877037000000000020e-03
1.874969999999999892e-03
1.867612999999999955e-03
1.783712000000000015e-03
1.676923999999999993e-03
1.583839000000000080e-03
1.558693000000000101e-03
1.542345000000000087e-03
1.501523999999999958e-03
1.434259000000000011e-03
1.439210999999999919e-03
1.460366999999999959e-03
1.452481000000000041e-03
1.426710000000000087e-03
1.433056999999999951e-03
1.469262000000000042e-03
1.448634999999999983e-03
1.417574000000000004e-03
1.424642000000000052e-03
1.453587000000000108e-03
1.445749999999999987e-03
1.408102999999999959e-03
1.398822999999999993e-03
1.426853999999999970e-03
1.439259000000000024e-03
1.420508000000000014e-03
1.408247000000000058e-03
1.426614000000000094e-03
1.434546999999999992e-03
1.411420000000000036e-03
1.380551999999999951e-03
1.404015999999999901e-03
1.432431999999999976e-03
1.410795000000000061e-03
1.383485000000000053e-03
1.407814000000000071e-03
1.432527999999999970e-03
1.408680000000000045e-03
1.370502999999999912e-03
1.378099999999999941e-03
1.412573999999999991e-03
1.410025999999999988e-03
1.367811000000000027e-03
1.366849000000000059e-03
1.406659999999999898e-03
1.403774999999999901e-03
1.350934000000000032e-03
1.362088999999999921e-03
1.389302999999999936e-03
1.378965000000000008e-03
1.336654000000000054e-03
1.318720000000000005e-03
1.344731999999999959e-03
1.359877000000000004e-03
1.326652999999999904e-03
1.285399999999999911e-03
1.331797999999999923e-03
1.341125999999999993e-03
1.303045000000000071e-03
1.293525000000000013e-03
1.309344000000000046e-03
1.329490000000000012e-03
1.318191000000000024e-03
1.274918000000000102e-03
1.289631000000000067e-03
1.321796999999999989e-03
1.305834000000000075e-03
1.286121000000000096e-03
1.286793999999999959e-03
1.321941000000000088e-03
1.336991000000000047e-03
1.300881999999999950e-03
1.294727000000000074e-03
1.349396000000000102e-03
1.378436999999999935e-03
1.351222999999999921e-03
1.347857000000000048e-03
1.394447999999999955e-03
1.414015999999999927e-03
1.391995000000000038e-03
1.366128000000000091e-03
1.417862999999999893e-03
1.447385000000000034e-03
1.431566000000000002e-03
1.394735999999999936e-03
1.414930000000000007e-03
1.455078000000000057e-03
1.438971000000000043e-03
1.411804999999999918e-03
1.420459000000000001e-03
1.447577000000000022e-03
1.439210999999999919e-03
1.412669999999999985e-03
1.430412000000000046e-03
1.463588000000000042e-03
1.446903999999999942e-03
1.391129999999999971e-03
1.395023999999999917e-03
1.449451999999999945e-03
1.444884999999999919e-03
1.406949000000000003e-03
1.401466999999999991e-03
1.430267999999999947e-03
1.435990000000000053e-03
1.404641000000000093e-03
1.392571999999999907e-03
1.404496000000000086e-03
1.429113999999999992e-03
1.404447999999999981e-03
1.383965999999999929e-03
1.407669999999999972e-03
1.423248000000000004e-03
1.391321999999999958e-03
1.364444999999999937e-03
1.384206000000000021e-03
1.415218999999999895e-03
1.407910000000000064e-03
1.379253999999999897e-03
1.381995000000000012e-03
1.413968000000000039e-03
1.417141999999999924e-03
1.384976000000000002e-03
1.388244999999999974e-03
1.431661999999999995e-03
1.427911999999999931e-03
1.398775000000000105e-03
1.388148999999999980e-03
1.423488000000000097e-03
1.416612999999999943e-03
1.394255000000000060e-03
1.380600000000000056e-03
1.418825000000000077e-03
1.423921000000000084e-03
1.393245999999999894e-03
1.372474000000000046e-03
1.404737000000000086e-03
1.425988999999999902e-03
1.415074000000000106e-03
1.389206999999999942e-03
1.392812999999999907e-03
1.426373000000000094e-03
1.408006000000000058e-03
1.392620000000000012e-03
1.408919999999999921e-03
1.444547999999999926e-03
1.436037999999999941e-03
1.385120000000000101e-03
1.385167999999999990e-03
1.425796000000000008e-03
1.432239000000000081e-03
1.390937999999999983e-03
1.388052999999999986e-03
1.414209000000000039e-03
1.428536999999999906e-03
1.396803999999999971e-03
1.382474999999999980e-03
1.410938999999999943e-03
1.434402999999999893e-03
1.419064999999999953e-03
1.392140000000000044e-03
1.411036000000000061e-03
1.441615000000000041e-03
1.401516000000000003e-03
1.378965000000000008e-03
1.407765999999999965e-03
1.437527999999999983e-03
1.427382999999999950e-03
1.388869999999999948e-03
1.407140999999999991e-03
1.418921000000000071e-03
1.415411000000000100e-03
1.388534000000000079e-03
1.395601000000000003e-03
1.433730000000000030e-03
1.427911999999999931e-03
1.380118999999999964e-03
1.371800999999999967e-03
1.414834000000000013e-03
1.430941000000000027e-03
1.397379999999999933e-03
1.384302000000000015e-03
1.409593000000000000e-03
1.429499000000000091e-03
1.413006999999999978e-03
1.376272999999999906e-03
1.400793999999999911e-03
1.423295999999999893e-03
1.407718000000000077e-03
1.372425999999999941e-03
1.380792000000000044e-03
1.412286000000000010e-03
1.400025000000000054e-03
1.373820999999999896e-03
1.392332000000000031e-03
1.428152000000000024e-03
1.410362000000000074e-03
1.367088999999999934e-03
1.367041000000000046e-03
1.405795000000000048e-03
1.414593000000000014e-03
1.391417999999999952e-03
1.380312000000000075e-03
1.412429999999999892e-03
1.413872000000000045e-03
1.378291999999999929e-03
1.377474999999999967e-03
1.391033999999999977e-03
1.406179000000000023e-03
1.383099999999999954e-03
1.353433999999999931e-03
1.369252999999999963e-03
1.369013000000000087e-03
1.331125000000000060e-03
1.295928999999999918e-03
1.332230999999999910e-03
1.338240999999999997e-03
1.316796999999999976e-03
1.289006000000000093e-03
1.297949000000000064e-03
1.322517999999999957e-03
1.320980000000000027e-03
1.299054999999999915e-03
1.313864000000000091e-03
1.361030999999999960e-03
1.361126999999999953e-03
1.323046999999999938e-03
1.320210000000000047e-03
1.370359000000000030e-03
1.400554000000000035e-03
1.377570999999999960e-03
1.369252999999999963e-03
1.410121999999999981e-03
1.426228999999999995e-03
1.400554000000000035e-03
1.391466999999999964e-03
1.418055000000000097e-03
1.438971000000000043e-03
1.406226999999999911e-03
1.388726000000000066e-03
1.415795999999999982e-03
1.444163000000000044e-03
1.427623000000000043e-03
1.376705999999999893e-03
1.379110000000000015e-03
1.420122999999999915e-03
1.411228000000000048e-03
1.377090000000000085e-03
1.383148000000000060e-03
1.382235000000000104e-03
1.312468999999999919e-03
1.239097999999999892e-03
1.248184999999999963e-03
1.255781999999999992e-03
1.158561999999999917e-03
1.026819999999999903e-03
9.632564000000000360e-04
1.134568999999999986e-03
1.446327000000000073e-03
1.666874999999999954e-03
1.716639000000000055e-03
1.784049000000000008e-03
1.847948000000000082e-03
1.792846999999999974e-03
1.663413000000000088e-03
1.590763000000000029e-03
1.542729999999999969e-03
1.476040999999999985e-03
1.390745000000000089e-03
1.376031999999999906e-03
1.381995000000000012e-03
1.374350000000000094e-03
1.329922999999999999e-03
1.329730000000000105e-03
1.371704999999999973e-03
1.362762000000000001e-03
1.324777999999999980e-03
1.324922000000000079e-03
1.348819000000000016e-03
1.347857000000000048e-03
1.318191000000000024e-03
1.303815000000000052e-03
1.337183000000000035e-03
1.342855999999999911e-03
1.307613000000000004e-03
1.297420000000000084e-03
1.324200999999999894e-03
1.350742000000000045e-03
1.328240000000000063e-03
1.290689000000000029e-03
1.312854000000000017e-03
1.343961999999999978e-03
1.316651999999999970e-03
1.276936999999999907e-03
1.304344000000000033e-03
1.340980999999999987e-03
1.322950999999999945e-03
1.278957000000000054e-03
1.291987000000000083e-03
1.323383999999999932e-03
1.312180999999999938e-03
1.257609000000000027e-03
1.272899000000000079e-03
1.315931000000000002e-03
1.308670999999999966e-03
1.271648000000000006e-03
1.252176000000000027e-03
1.280927999999999971e-03
1.288957999999999987e-03
1.252896999999999995e-03
1.237751000000000042e-03
1.263089999999999916e-03
1.272946999999999967e-03
1.247608000000000094e-03
1.216548000000000022e-03
1.246406000000000033e-03
1.264820999999999957e-03
1.250299999999999979e-03
1.192025999999999893e-03
1.190536000000000068e-03
1.225539000000000099e-03
1.218806999999999920e-03
1.176736000000000058e-03
1.175870999999999991e-03
1.221787999999999911e-03
1.217364999999999984e-03
1.168898999999999936e-03
1.168898999999999936e-03
1.210249000000000047e-03
1.229817999999999927e-03
1.192698999999999973e-03
1.183082999999999921e-03
1.238088000000000036e-03
1.250924999999999954e-03
1.224143999999999927e-03
1.219769000000000105e-03
1.273330999999999942e-03
1.300640999999999950e-03
1.279004999999999942e-03
1.268667000000000015e-03
1.308958999999999947e-03
1.338145000000000003e-03
1.313141999999999998e-03
1.296073999999999924e-03
1.320065999999999948e-03
1.357616999999999982e-03
1.341462000000000080e-03
1.296026000000000036e-03
1.302420000000000097e-03
1.349492000000000096e-03
1.354588000000000103e-03
1.329586000000000006e-03
1.340405000000000025e-03
1.375310999999999938e-03
1.366463999999999960e-03
1.314248000000000065e-03
1.305593999999999982e-03
1.348962999999999898e-03
1.362762000000000001e-03
1.326845000000000108e-03
1.313623000000000091e-03
1.360838999999999972e-03
1.371896999999999960e-03
1.330451999999999980e-03
1.290785000000000023e-03
1.321315999999999897e-03
1.338818000000000083e-03
1.334827000000000019e-03
1.304872000000000106e-03
1.312901999999999906e-03
1.338432999999999984e-03
1.318671999999999900e-03
1.291505999999999991e-03
1.294486999999999981e-03
1.331268999999999942e-03
1.337518999999999904e-03
1.300593000000000062e-03
1.310498000000000001e-03
1.338145000000000003e-03
1.330355999999999986e-03
1.293525000000000013e-03
1.292226999999999959e-03
1.336029000000000079e-03
1.332279000000000015e-03
1.295303999999999943e-03
1.291361999999999892e-03
1.329730000000000105e-03
1.349923999999999959e-03
1.318142999999999919e-03
1.297516000000000077e-03
1.331701999999999929e-03
1.346317999999999994e-03
1.335837000000000092e-03
1.306843999999999931e-03
1.334923000000000012e-03
1.359060000000000042e-03
1.339106000000000064e-03
1.314007999999999973e-03
1.335500000000000098e-03
1.356318999999999927e-03
1.350021000000000077e-03
1.309632000000000027e-03
1.322086000000000094e-03
1.362906000000000100e-03
1.355838000000000052e-03
1.319440999999999973e-03
1.335356000000000000e-03
1.355260999999999966e-03
1.353674999999999930e-03
1.320931999999999922e-03
1.319297000000000091e-03
1.365406999999999905e-03
1.370598999999999906e-03
1.354011000000000017e-03
1.324681999999999986e-03
1.332422999999999897e-03
1.356271000000000039e-03
1.346942999999999968e-03
1.316363999999999989e-03
1.336462000000000067e-03
1.368580000000000100e-03
1.353674999999999930e-03
1.322662000000000056e-03
1.346846999999999975e-03
1.371704999999999973e-03
1.379446000000000101e-03
1.339202000000000057e-03
1.337134999999999930e-03
1.373820999999999896e-03
1.359732999999999905e-03
1.335164000000000012e-03
1.330500000000000085e-03
1.356800000000000020e-03
1.378436999999999935e-03
1.354829000000000103e-03
1.339731000000000038e-03
1.366704999999999960e-03
1.392187999999999932e-03
1.356992000000000007e-03
1.337855999999999898e-03
1.377137999999999973e-03
1.396562999999999971e-03
1.374156999999999983e-03
1.334539000000000038e-03
1.346895000000000080e-03
1.367329999999999934e-03
1.350021000000000077e-03
1.332279000000000015e-03
1.344251000000000083e-03
1.373724999999999903e-03
1.366849000000000059e-03
1.325980000000000041e-03
1.341942999999999955e-03
1.373628999999999909e-03
1.381033000000000044e-03
1.347665000000000061e-03
1.352569000000000080e-03
1.386274000000000057e-03
1.391803000000000051e-03
1.351944000000000106e-03
1.337904000000000003e-03
1.377619000000000066e-03
1.388148999999999980e-03
1.373869000000000002e-03
1.336942999999999942e-03
1.354636999999999898e-03
1.384157999999999916e-03
1.364011999999999950e-03
1.333624999999999958e-03
1.351510999999999902e-03
1.375647999999999932e-03
1.350838000000000039e-03
1.313670999999999979e-03
1.326748999999999897e-03
1.348049000000000035e-03
1.328432000000000050e-03
1.285062999999999917e-03
1.277803000000000098e-03
1.316267999999999995e-03
1.297949000000000064e-03
1.261984000000000066e-03
1.264724999999999964e-03
1.308766999999999960e-03
1.339778999999999927e-03
1.322999000000000050e-03
1.311122999999999976e-03
1.338145000000000003e-03
1.366608999999999966e-03
1.348770999999999911e-03
1.343432999999999997e-03
1.387138999999999907e-03
1.410313999999999969e-03
1.402573000000000058e-03
1.381321000000000025e-03
1.416900999999999924e-03
1.441133999999999948e-03
1.407093000000000102e-03
1.366849000000000059e-03
1.398149999999999914e-03
1.425651999999999909e-03
1.423488000000000097e-03
1.387811999999999987e-03
1.393581999999999980e-03
1.419979000000000033e-03
1.408102999999999959e-03
1.366512000000000065e-03
1.374013000000000101e-03
1.409688999999999994e-03
1.405362000000000061e-03
1.337471000000000016e-03
1.267705999999999954e-03
1.306506999999999937e-03
1.332999999999999984e-03
1.236548999999999982e-03
1.110239999999999968e-03
1.055909000000000058e-03
1.081968999999999900e-03
1.318095000000000031e-03
1.550375000000000104e-03
1.687549999999999901e-03
1.711494000000000036e-03
1.746834000000000060e-03
1.768229999999999975e-03
1.757508000000000074e-03
1.694713999999999943e-03
1.592204999999999966e-03
1.491764000000000024e-03
1.463876999999999930e-03
1.450558000000000012e-03
1.410409999999999962e-03
1.367713999999999909e-03
1.365165999999999906e-03
1.379253999999999897e-03
1.385167999999999990e-03
1.339443000000000057e-03
1.320980000000000027e-03
1.351030000000000026e-03
1.356414999999999921e-03
1.340019999999999926e-03
1.323816000000000012e-03
1.353194000000000055e-03
1.368627999999999989e-03
1.340452000000000006e-03
1.295736999999999930e-03
1.325018000000000072e-03
1.364926000000000030e-03
1.350501000000000045e-03
1.315547000000000027e-03
1.330835999999999955e-03
1.360022000000000010e-03
1.349396000000000102e-03
1.310642000000000100e-03
1.315882999999999897e-03
1.344539000000000064e-03
1.341270000000000092e-03
1.291650000000000090e-03
1.288910000000000099e-03
1.339586999999999939e-03
1.336846000000000041e-03
1.302324000000000103e-03
1.298909999999999908e-03
1.315306000000000027e-03
1.321892999999999983e-03
1.282034000000000038e-03
1.266984999999999986e-03
1.307035999999999918e-03
1.337999999999999997e-03
1.313768000000000097e-03
1.262560999999999935e-03
1.273234999999999948e-03
1.295881000000000029e-03
1.281552999999999946e-03
1.254483000000000030e-03
1.266888000000000085e-03
1.289198000000000080e-03
1.255781999999999992e-03
1.222364999999999997e-03
1.235442999999999915e-03
1.272754000000000073e-03
1.260590000000000018e-03
1.220778999999999961e-03
1.237414999999999956e-03
1.254003000000000062e-03
1.244627000000000103e-03
1.220106000000000098e-03
1.219335999999999901e-03
1.254963999999999906e-03
1.259050999999999964e-03
1.239915000000000071e-03
1.210682000000000034e-03
1.244770999999999985e-03
1.266551999999999999e-03
1.257752999999999909e-03
1.243760999999999912e-03
1.266647999999999993e-03
1.298621999999999927e-03
1.294678999999999969e-03
1.274388999999999904e-03
1.293572999999999902e-03
1.336942999999999942e-03
1.333240000000000076e-03
1.304824000000000001e-03
1.313141999999999998e-03
1.363194999999999988e-03
1.360358000000000097e-03
1.326268999999999929e-03
1.337759999999999904e-03
1.364348999999999944e-03
1.375888000000000024e-03
1.339202000000000057e-03
1.336366000000000073e-03
1.385745000000000076e-03
1.391370000000000063e-03
1.345548999999999920e-03
1.329971000000000105e-03
1.368436000000000001e-03
1.376225000000000018e-03
1.353627000000000042e-03
1.332038000000000015e-03
