7.397102000000000350e-06
-2.638280999999999906e-06
-3.758976999999999925e-06
5.911438999999999866e-06
-1.613038000000000047e-06
-2.832650999999999813e-07
-3.153290999999999910e-06
-1.921855000000000000e-06
-7.864010999999999677e-06
-5.060405999999999607e-06
-4.495122999999999957e-06
-4.168927999999999940e-06
-5.607293999999999918e-06
-5.717926000000000216e-06
2.459338000000000102e-06
4.061707000000000413e-06
-2.638556999999999901e-06
-1.222105000000000050e-06
-6.794909999999999797e-06
5.851743999999999754e-06
5.622403999999999846e-06
-4.011853000000000263e-06
-1.212852000000000056e-05
-3.458587999999999894e-06
7.682296000000000011e-06
5.311085999999999890e-06
-1.500960000000000068e-06
-2.976390999999999960e-06
-1.842549000000000017e-06
3.742986999999999846e-06
-6.123885999999999968e-06
-5.722955000000000334e-06
-9.605455000000000007e-06
-3.914357000000000036e-06
-9.654569999999999875e-07
-2.183239000000000138e-06
-1.045098000000000069e-05
-5.052351000000000240e-06
4.923578000000000415e-06
6.351656000000000161e-06
1.742888999999999984e-06
-8.178420000000000252e-07
-4.102671999999999774e-06
2.758847999999999797e-06
-2.665760999999999938e-06
-8.917905999999999520e-06
-8.436664999999999929e-07
8.883796999999999674e-06
1.127539000000000022e-06
2.810631999999999859e-06
5.533588000000000356e-06
3.205495999999999946e-06
5.850493000000000162e-06
7.043546000000000409e-06
3.826519000000000014e-06
3.628730000000000069e-06
-7.340129000000000412e-06
-4.146232000000000251e-06
4.296885000000000111e-06
-1.079879999999999900e-06
2.931029000000000140e-06
-2.646791000000000185e-06
-2.943338000000000042e-06
1.381446000000000021e-06
7.622433000000000344e-06
5.559633999999999767e-06
3.901273999999999945e-06
6.065117999999999822e-06
3.735845999999999874e-06
6.701423000000000331e-06
5.280217999999999934e-06
3.727869000000000120e-06
6.126304000000000222e-06
8.737918000000000727e-06
6.459730999999999969e-06
8.830139999999999791e-06
7.284108999999999888e-06
7.736070999999999340e-06
1.365008999999999927e-05
8.477694999999999814e-06
9.711742999999999827e-06
9.515648000000000479e-06
3.196712999999999966e-06
-1.696199999999999955e-06
-3.932742999999999761e-06
3.283566000000000115e-06
6.633019000000000164e-06
-4.554660000000000367e-06
8.582468000000000377e-07
-1.521695000000000048e-07
3.756359999999999895e-06
1.448522999999999980e-06
-2.836630999999999879e-06
-9.337316999999999357e-06
7.037988000000000036e-08
-3.234012000000000094e-07
4.064435999999999722e-06
5.984316000000000049e-06
1.056899999999999994e-06
8.877292999999999710e-06
8.270332999999999680e-06
3.840077000000000300e-06
7.088314999999999743e-06
2.133937999999999795e-06
9.813927999999999256e-06
6.162701999999999937e-06
2.949977000000000132e-06
-5.520353999999999696e-06
-1.324854000000000013e-06
-7.072587000000000120e-06
-8.768005999999999481e-06
-2.125703999999999934e-06
-3.333336999999999880e-06
-6.583258999999999644e-06
-6.557959000000000073e-06
-4.038319999999999649e-06
-7.221188000000000089e-06
-1.606627999999999926e-06
-1.700631000000000083e-06
4.217954000000000104e-06
-4.339828999999999679e-06
-1.621349999999999986e-05
-1.021474000000000005e-05
-6.373101999999999650e-06
-4.886627999999999862e-06
-2.414428999999999868e-06
-6.760063000000000332e-06
-5.592057000000000084e-06
-1.166703999999999968e-05
-6.072984000000000113e-07
3.329884999999999883e-06
-1.166143000000000068e-06
-5.980372999999999840e-06
-1.412202000000000061e-06
-5.804915999999999700e-06
-1.210784000000000061e-05
-1.461699000000000013e-05
-1.227169999999999975e-05
-7.889374999999999321e-06
1.166136999999999902e-06
-5.545875999999999890e-06
-1.199071999999999952e-06
-4.109189000000000096e-07
-5.612866000000000413e-06
-7.783406999999999864e-06
-8.211663999999999514e-06
8.174944000000000228e-07
-5.611808999999999823e-06
1.804213999999999985e-06
-6.498650000000000028e-06
6.227468000000000055e-06
1.561081999999999896e-06
1.520575000000000049e-06
1.305058000000000033e-05
-7.946763000000000178e-08
3.265968999999999935e-06
1.663939000000000087e-06
7.575049000000000401e-07
5.519118999999999699e-06
-2.782389000000000153e-06
-3.962276000000000348e-06
-2.708610000000000059e-06
-4.397045000000000182e-06
-4.388543999999999940e-06
-5.956470000000000079e-06
-1.325080999999999926e-06
2.904099999999999859e-06
-3.578587000000000200e-06
-1.165705000000000048e-06
4.801599999999999903e-06
-6.090766999999999922e-06
8.832355000000000582e-06
4.363725999999999697e-06
3.922477999999999954e-06
-2.808664999999999984e-06
-3.997889999999999597e-06
-3.595171999999999974e-06
3.061752999999999822e-06
2.144667999999999945e-06
1.025372000000000031e-06
-1.528135999999999966e-06
-8.150484999999999943e-07
1.299612999999999952e-06
6.154452999999999874e-06
-4.493525000000000316e-06
3.572084999999999868e-06
1.223418999999999899e-06
-1.281061000000000092e-06
-6.444116000000000289e-06
-7.879312999999999823e-06
-8.737235000000000720e-06
-3.779329999999999736e-07
7.976352000000000775e-06
1.270088999999999996e-05
1.267247000000000066e-05
-6.355202999999999604e-06
-1.184228999999999940e-05
-1.096156000000000081e-05
-3.008063000000000087e-06
-2.569452999999999893e-06
9.463876999999999717e-06
8.821364999999999185e-06
2.288634000000000084e-06
-8.012432999999999998e-06
8.078060000000000378e-06
3.849083999999999687e-06
7.194036000000000217e-06
5.269049999999999976e-06
5.305037999999999808e-06
4.519478999999999729e-06
3.673422000000000030e-06
-2.270431000000000116e-06
-1.330567999999999874e-07
-1.332859999999999975e-05
-8.609847000000000374e-06
-2.223515999999999990e-06
4.812997999999999857e-06
4.735693000000000264e-06
2.781313999999999914e-06
4.234621000000000024e-06
-5.028047999999999602e-06
-8.146442000000000361e-06
-7.072825000000000337e-06
-2.411530000000000101e-06
-6.594736000000000509e-07
4.929785999999999831e-06
-3.903385999999999798e-06
2.417526000000000018e-06
1.188311000000000006e-06
-5.527026000000000062e-06
2.104257000000000206e-06
5.565974000000000286e-06
7.824429000000000163e-06
3.169957999999999830e-06
1.718585999999999981e-06
-4.144987999999999794e-06
-7.675384000000000220e-07
2.479707999999999959e-06
1.439792999999999981e-06
-7.363636000000000465e-07
2.104625000000000200e-06
-3.003318000000000186e-06
-8.078497999999999869e-08
6.969024999999999738e-06
-1.002340999999999989e-06
-5.257335000000000377e-06
1.596753999999999900e-06
-2.543317000000000115e-06
6.251352999999999743e-06
-2.372176000000000105e-06
4.591559999999999857e-07
-2.330435999999999891e-06
1.785595999999999997e-06
5.932914999999999760e-06
4.438385999999999758e-06
-1.430596000000000008e-06
-4.880670000000000147e-06
1.052426999999999978e-06
3.581386000000000171e-06
5.166294000000000244e-06
3.665690000000000050e-06
-4.389656000000000142e-06
-3.270602000000000132e-06
-7.697628000000000562e-06
1.563805000000000099e-06
-2.264199000000000037e-06
-8.834360000000000235e-07
9.188603999999999685e-06
-4.627195000000000003e-06
-1.158966999999999978e-05
-5.463731999999999919e-06
4.525836000000000081e-06
-1.712376999999999902e-06
8.543002999999999223e-06
2.906525000000000094e-06
6.056195000000000213e-06
1.875061000000000037e-05
1.760931000000000166e-05
8.914007000000000525e-06
1.676118000000000001e-06
4.641688999999999868e-06
4.939852000000000286e-06
1.044851000000000070e-05
1.879266000000000110e-05
1.740970999999999979e-06
-5.750432000000000071e-06
7.711788999999999493e-06
1.174842999999999959e-05
3.332085999999999864e-06
6.580427999999999637e-06
6.635719000000000155e-06
-1.020932999999999937e-05
1.282626999999999909e-06
-2.375954000000000207e-06
-3.474430999999999939e-06
-7.866291999999999325e-06
-3.005177999999999859e-06
-3.816410999999999670e-06
-5.017445000000000206e-06
4.602219000000000058e-06
3.329990000000000029e-06
-2.137007000000000019e-06
1.279422999999999981e-07
9.863365999999999781e-06
1.126370999999999926e-05
7.009509000000000010e-06
-2.111617999999999897e-06
-2.104439999999999963e-06
-1.785691000000000078e-06
-1.386177999999999934e-07
4.726506000000000144e-06
-2.976232999999999834e-06
-9.087514000000000624e-06
-5.454093000000000027e-06
-6.517049999999999716e-06
-2.774262000000000070e-06
7.451319999999999836e-06
-4.880645000000000092e-06
-6.934947999999999929e-06
5.094608999999999930e-06
7.620303000000000417e-06
-7.164984999999999807e-06
2.606534999999999855e-07
4.517916000000000180e-08
-9.459064000000000480e-06
-2.978262000000000150e-06
5.899067999999999947e-06
3.198543999999999898e-06
3.101538999999999884e-06
4.435225000000000383e-06
8.772074000000000811e-06
5.846954000000000093e-06
1.635607000000000043e-06
-1.931984000000000024e-07
-1.864650000000000011e-06
7.966615000000000296e-06
-1.230390999999999991e-05
-9.825075000000000117e-06
-5.195623000000000281e-06
-4.889850999999999679e-06
3.380751000000000016e-06
7.266350999999999710e-06
5.288121000000000187e-06
3.339955000000000025e-06
-2.478065000000000134e-06
-9.090470999999999450e-06
-2.796425000000000081e-06
6.153591000000000220e-06
-5.984652000000000007e-06
-1.179516999999999976e-05
-2.169417000000000188e-06
4.166584999999999851e-06
-1.130986999999999951e-05
1.184742999999999983e-05
7.440200999999999748e-06
-1.998253999999999994e-06
-6.900395999999999925e-06
-1.689275999999999918e-05
-3.308740999999999836e-06
-7.079891999999999854e-08
-4.006510000000000372e-06
-2.710785999999999985e-06
8.679561000000000703e-06
-9.180271999999999237e-06
-1.259688000000000076e-06
3.041851999999999993e-06
-5.912072999999999579e-07
-1.665305999999999875e-05
-3.126031999999999838e-06
-7.976222999999999544e-06
-8.592588999999999598e-06
-2.134382999999999924e-05
-1.337688999999999992e-05
2.009409000000000059e-05
-7.110066000000000240e-06
-5.029271000000000116e-06
8.571598000000000598e-06
-1.058576000000000010e-05
-1.889253000000000121e-05
-8.566215000000000450e-06
9.356968999999999724e-08
-1.208278999999999990e-05
2.197756999999999925e-07
9.692443999999999252e-06
3.409686000000000188e-06
-1.282399000000000052e-05
7.791987000000000381e-06
-6.351915999999999715e-06
-1.731685000000000006e-05
-1.205410000000000035e-05
-1.449475000000000043e-05
1.018330000000000040e-06
-8.580910999999999538e-06
-7.751492999999999410e-06
-5.352738000000000216e-06
-4.792012999999999752e-06
-3.890033000000000301e-06
3.255145000000000155e-06
5.668902999999999924e-06
-9.331902000000000019e-06
1.644055000000000093e-06
3.559520000000000099e-06
4.394069999999999588e-06
-8.827546000000000608e-06
-5.901745000000000362e-06
-2.795914999999999979e-06
3.621000000000000144e-06
3.143820999999999813e-06
5.970408999999999871e-07
3.354471999999999890e-06
-7.912674999999999589e-06
-1.138040000000000034e-05
-1.353253000000000054e-07
-3.368626999999999926e-06
1.337430999999999901e-06
1.120834000000000016e-05
7.495463000000000101e-06
-1.018244999999999938e-05
-2.054100999999999936e-05
-1.429102000000000061e-05
-2.045174000000000047e-06
-4.742817999999999794e-06
-2.028112000000000023e-06
6.338007000000000116e-06
-6.130265999999999897e-06
3.134027999999999905e-06
-3.668153999999999879e-07
-1.367682999999999963e-05
-5.896373000000000305e-06
6.688380999999999889e-06
1.320535000000000055e-05
1.557420000000000074e-05
1.205694999999999982e-05
6.739659000000000383e-06
-1.396666000000000021e-06
5.365300000000000113e-06
1.295330000000000014e-05
-6.070959000000000331e-06
-1.229275000000000017e-05
2.688050999999999855e-06
1.358129000000000077e-07
2.448607999999999952e-06
9.786070000000000649e-06
1.400374000000000054e-05
-9.436776999999999587e-06
-1.635334000000000088e-05
-1.054327000000000079e-05
8.133989999999999688e-06
3.473926999999999918e-05
7.337456000000000108e-06
-1.034365000000000048e-05
1.362988000000000002e-05
-3.877362999999999963e-06
-1.037978000000000042e-05
1.702307000000000099e-05
-3.751088000000000058e-06
-5.486596000000000010e-06
1.196617999999999933e-05
1.533045000000000160e-05
-4.940259999999999690e-06
-2.459955000000000065e-05
-3.256684999999999889e-06
1.722334999999999833e-05
2.664042999999999864e-05
1.706162000000000081e-05
-2.184322000000000175e-06
7.334403999999999718e-06
1.522050999999999922e-06
-1.707568999999999914e-05
9.619438000000000378e-06
5.817414999999999765e-06
1.035135000000000043e-05
4.049823000000000172e-06
-5.198903999999999581e-06
-1.036276000000000071e-05
-5.640899000000000251e-06
1.202180999999999968e-05
2.036492000000000017e-05
1.998414999999999992e-06
1.938171999999999915e-05
8.154142000000000304e-06
8.680772999999999430e-06
7.415444000000000343e-07
-4.215043999999999822e-06
-4.753489999999999613e-06
1.682954000000000150e-05
2.870017999999999869e-05
1.227835999999999979e-05
1.888634999999999918e-06
1.210360000000000046e-06
9.252285999999999527e-06
1.299651000000000070e-05
5.086699999999999935e-06
1.054080999999999980e-05
1.488984999999999941e-05
1.123176999999999936e-05
9.687396000000000516e-06
1.006816999999999918e-05
2.001414999999999793e-06
1.043497000000000048e-05
2.557527000000000018e-05
1.976947999999999965e-05
-4.773840999999999751e-05
-3.231853000000000107e-05
1.831381999999999875e-05
1.740650000000000012e-05
2.253860000000000135e-05
4.245664999999999948e-05
3.994959999999999610e-06
-3.267302999999999912e-06
9.875595000000000440e-06
1.706028999999999925e-05
5.011171999999999631e-06
4.580783000000000421e-06
1.801294000000000105e-05
1.064326999999999983e-05
1.948065999999999942e-06
-6.522413000000000159e-06
-1.403956999999999897e-06
-2.427599000000000032e-06
-4.772216000000000253e-06
-8.407339999999999367e-06
-1.550370999999999932e-05
-2.306391000000000022e-06
-1.055846999999999939e-06
-1.995393000000000091e-05
-1.332915999999999996e-05
1.348999000000000059e-05
3.120771999999999908e-06
1.308412999999999936e-05
-2.557356999999999984e-05
-1.711366999999999974e-05
3.146779999999999711e-05
-2.992406000000000094e-05
3.918144000000000005e-05
2.905887999999999917e-05
-1.584693000000000110e-05
1.341669000000000080e-05
9.241399999999999306e-06
-6.221283999999999607e-06
-1.557567999999999925e-05
-3.124552999999999881e-06
-7.733310999999999386e-06
-6.364774000000000160e-06
-1.029798000000000063e-05
-1.448230000000000024e-05
-2.213881000000000209e-06
-1.118556999999999970e-05
-1.336661999999999977e-05
-9.157129000000000126e-06
-9.285259999999999594e-06
-2.114467999999999963e-05
7.425651999999999636e-07
-1.059671999999999940e-05
-4.650212999999999687e-06
-2.446883000000000066e-05
2.947077999999999941e-06
9.712634000000000493e-06
-1.371673000000000072e-05
-5.067366999999999903e-07
1.506301999999999931e-05
-2.969019999999999993e-06
7.426296000000000260e-06
4.276496999999999757e-06
-4.568011999999999625e-06
6.037455999999999849e-06
1.491101999999999975e-05
-1.131589999999999952e-05
2.103885000000000102e-06
-1.786329000000000156e-05
-2.914862999999999946e-05
1.325618000000000053e-05
1.830277000000000162e-05
-1.116131000000000004e-05
-8.458427000000000729e-06
-1.180884999999999960e-05
-1.247952999999999925e-06
-8.389566000000000441e-06
-2.855225000000000094e-05
3.902443000000000238e-06
2.235868999999999836e-06
-5.936089999999999946e-06
-6.674619000000000325e-07
1.658563000000000132e-05
1.307068000000000036e-05
-1.560805000000000043e-05
-1.838792999999999930e-05
-4.279939999999999717e-06
-8.169054999999999665e-06
-2.934914000000000124e-07
1.347199000000000008e-05
-4.204660999999999722e-06
-3.023266999999999751e-07
-9.464536000000000755e-06
4.505521000000000260e-06
-1.321339000000000056e-05
-7.426870999999999827e-06
-4.274557999999999808e-06
-6.574967000000000300e-06
-9.747702000000000341e-06
-9.903055999999999735e-06
-6.324788999999999898e-06
3.816944000000000195e-06
1.437718999999999948e-05
6.992797999999999722e-06
-2.884833999999999898e-05
-2.282431000000000171e-06
1.106695000000000083e-05
6.351853000000000093e-07
-8.131787000000000076e-06
3.085281999999999847e-06
-1.873250000000000022e-06
1.637955999999999874e-05
2.195020999999999935e-05
6.951245000000000224e-06
-7.671250000000000456e-06
1.409576000000000038e-05
-1.215595000000000006e-05
-1.617623999999999879e-05
-1.066914000000000031e-05
-4.628981999999999991e-06
1.434068999999999949e-06
-9.083854000000000391e-06
-1.391246999999999938e-06
-1.640706999999999875e-05
-1.509537000000000079e-05
1.344124000000000042e-05
2.530923000000000027e-05
-9.771484000000000785e-06
-7.007478000000000063e-06
-5.709568999999999713e-06
1.969037999999999900e-05
-1.573173999999999992e-05
-1.067229000000000086e-06
-1.263004999999999946e-06
-3.132097000000000177e-06
1.317462999999999959e-05
1.818646000000000002e-05
1.682575000000000064e-05
7.253628999999999631e-06
1.588807999999999985e-05
-2.829383999999999946e-06
-1.771883000000000091e-06
-3.944909000000000078e-05
7.815865999999999480e-06
-4.968898000000000135e-07
1.049829000000000007e-05
1.029779999999999990e-05
4.409883000000000075e-07
1.925348000000000069e-06
-1.983542000000000126e-05
-1.422142000000000046e-05
1.090312000000000040e-05
4.804350000000000004e-06
3.395833999999999834e-06
7.130933000000000476e-07
5.793471999999999747e-06
-1.039393999999999996e-05
1.517826000000000081e-07
-1.714802999999999953e-06
9.072742000000000285e-06
-1.210651999999999975e-05
1.055344999999999973e-05
5.089369000000000129e-06
-1.315031999999999982e-05
-1.166984000000000074e-05
-6.284079999999999980e-07
1.819757000000000134e-05
2.404024000000000007e-05
-1.090372000000000002e-05
-7.935729000000000266e-06
-6.763315999999999706e-06
-8.873557999999999313e-06
-5.629534999999999964e-06
1.857355000000000109e-05
-1.078279999999999949e-05
-5.144949000000000366e-06
2.359428999999999971e-06
-1.747000999999999988e-06
1.057214000000000059e-07
1.317022000000000026e-06
-5.271992999999999687e-06
1.547700000000000106e-05
-1.568724000000000060e-05
-1.624108000000000138e-05
-4.857036000000000400e-06
-4.024068000000000111e-06
2.255345000000000003e-05
2.064851000000000129e-05
1.297226000000000004e-05
-2.554593999999999906e-06
2.384609000000000042e-06
-1.502378000000000035e-05
-2.691743999999999939e-06
1.230704999999999934e-05
-1.027076999999999958e-05
-1.035411000000000038e-05
9.876630999999999391e-06
-4.646875999999999688e-06
-1.234642999999999963e-05
-2.658307000000000009e-06
1.910273999999999864e-06
-3.034487000000000192e-06
-2.127466999999999938e-05
-9.681743999999999930e-07
1.840769000000000011e-06
-2.024671999999999849e-05
-3.713971000000000190e-06
-1.218465999999999931e-05
-9.124207000000000647e-06
-8.206818999999999394e-06
1.162380999999999942e-05
3.282571000000000051e-05
1.810658999999999972e-05
7.912900000000000082e-06
4.664653000000000179e-06
7.022801999999999969e-07
8.188705999999999793e-06
2.618138999999999905e-05
-9.650556999999999427e-06
9.063925999999999182e-06
-1.874921000000000069e-05
-5.462617999999999873e-07
-9.357263999999999185e-06
-1.117313999999999921e-05
-2.229923999999999845e-06
-2.879155000000000134e-06
1.051088000000000074e-06
-2.276470999999999977e-05
1.645888000000000123e-05
3.350196999999999664e-05
-1.924013999999999838e-05
2.399995000000000050e-05
7.813401000000000258e-07
-1.489284999999999921e-05
1.209060999999999976e-05
1.017227000000000044e-05
2.686672000000000117e-06
-2.205796999999999915e-05
-1.129151999999999993e-05
8.779455999999999176e-06
-3.939261000000000217e-07
-1.996993000000000126e-06
-8.853486999999999662e-07
2.158414999999999900e-05
-9.979967000000000734e-06
-1.453764999999999963e-05
-1.141329000000000063e-05
-7.883856999999999893e-06
-1.207239999999999897e-06
6.231849000000000073e-06
-1.962203000000000159e-05
-2.968217999999999878e-06
1.478648999999999889e-07
4.401493000000000144e-06
-4.938742999999999955e-06
-1.154101000000000082e-05
-1.179695000000000061e-05
1.985962000000000011e-05
7.766866999999999849e-06
5.995524000000000265e-06
2.204285000000000021e-06
-3.589860000000000219e-05
-1.103898999999999983e-05
8.361844000000000506e-06
-1.033747000000000015e-05
-1.098551000000000081e-06
-1.641478999999999925e-06
2.601452000000000110e-05
2.120985999999999889e-05
-1.835226999999999920e-06
1.577125999999999984e-06
1.838056999999999900e-06
-1.539729999999999910e-05
1.405911000000000048e-06
2.135602999999999888e-05
-3.805395000000000096e-06
-1.064565000000000030e-05
1.480455000000000041e-05
4.112016999999999597e-06
-4.882433000000000320e-06
6.488312000000000323e-07
1.134214000000000047e-06
1.927984999999999804e-06
-2.013768000000000063e-05
2.092572999999999980e-06
2.192281000000000026e-05
-3.333869000000000165e-06
1.472658999999999989e-05
1.220086999999999996e-05
-2.608229999999999844e-06
-3.754482000000000148e-06
1.094751000000000007e-06
-4.754005000000000065e-06
-1.186951999999999973e-06
1.579663999999999950e-06
1.042163000000000071e-05
6.303162000000000283e-06
-2.666738000000000013e-06
-6.945673999999999968e-06
5.776397999999999815e-06
-1.138653000000000057e-05
-1.582377000000000046e-05
-1.006004999999999908e-06
-1.573094000000000155e-05
3.008070999999999884e-06
2.113477000000000094e-05
-1.803914000000000090e-05
-3.220792000000000181e-05
-7.659592999999999494e-06
1.045718000000000073e-05
-2.138600000000000158e-05
6.133839999999999873e-06
3.407285000000000023e-05
1.162281999999999962e-05
-8.305660999999999929e-07
-7.946763000000000337e-06
1.574474000000000132e-05
-1.754649999999999878e-05
1.196043999999999928e-05
7.178593999999999595e-06
2.038086000000000056e-05
-4.598844000000000281e-06
6.396481000000000194e-06
4.677951000000000064e-06
8.651218000000000354e-06
-5.428849000000000307e-06
5.021107000000000070e-06
1.456028000000000046e-05
1.551241000000000146e-05
-2.668405000000000077e-05
2.245601000000000050e-05
1.394427999999999992e-05
1.676216999999999981e-06
4.279513000000000001e-06
-6.599394000000000126e-06
8.436120999999999524e-06
-2.555582000000000073e-06
9.689226999999999177e-06
-8.126200999999999618e-06
4.496251999999999993e-06
3.631284999999999911e-05
9.874801000000000122e-06
1.347294999999999947e-05
-2.567075999999999882e-05
2.311302999999999917e-05
3.025471000000000090e-05
-9.300650000000000475e-06
-1.029159999999999986e-05
-1.635218000000000104e-05
-1.553833999999999936e-05
7.191970000000000363e-06
1.368493000000000045e-05
-1.022257000000000062e-05
-2.146315000000000134e-05
-2.597050000000000148e-05
-8.756015999999999279e-06
1.969987999999999950e-05
-6.862774000000000305e-06
-2.820867000000000109e-06
-1.059807999999999967e-05
1.079957000000000035e-05
-9.244169000000000566e-06
-1.285889999999999982e-05
4.472925000000000039e-06
4.229579000000000184e-06
-1.858209999999999951e-05
-1.919978999999999884e-06
1.661904000000000072e-05
6.658074000000000384e-06
-2.543945999999999987e-05
-1.726084999999999924e-05
2.608693000000000131e-05
-3.283154000000000177e-05
-3.719189999999999877e-05
2.198792999999999871e-05
-1.366045000000000064e-05
1.948907999999999891e-06
1.885603999999999980e-05
6.329316000000000134e-06
-2.820941999999999850e-06
-1.210639000000000082e-05
-2.130986999999999863e-05
-1.190020000000000001e-05
6.705524000000000243e-06
-1.868616999999999867e-05
-1.888415000000000113e-05
8.774319000000000313e-06
-1.236235000000000032e-05
-2.088394999999999848e-05
9.552399000000000832e-06
6.684307999999999903e-06
-9.742369999999999695e-06
5.357491999999999730e-06
2.484720000000000158e-05
3.920119999999999662e-06
-1.382878999999999978e-05
8.859927999999999581e-06
-3.819485999999999636e-06
-7.933799000000000354e-07
-1.412787000000000031e-05
-7.787237000000000130e-06
1.120331000000000065e-05
-2.370930999999999831e-06
-1.000066999999999898e-06
-1.148000999999999921e-05
-1.460298999999999992e-06
1.032655000000000026e-05
3.415194999999999749e-05
-1.597312999999999999e-05
9.928271000000000136e-06
8.133342000000000436e-06
-3.493921999999999885e-06
2.191877999999999955e-05
7.044424999999999897e-06
-2.823057999999999899e-05
-5.592553999999999615e-06
-5.922617999999999916e-06
4.638660000000000071e-05
1.260323000000000029e-05
-1.022051000000000051e-05
5.326090000000000280e-07
2.221275000000000175e-06
-8.286738999999999808e-06
1.299849999999999930e-05
-1.713945000000000071e-05
-1.605378000000000065e-05
1.543827999999999951e-05
-9.443219999999999772e-07
-4.876920999999999787e-06
1.524064000000000008e-06
3.095181000000000245e-07
1.813065999999999964e-06
2.225082999999999919e-05
1.762499000000000038e-06
-1.927311000000000088e-05
4.592198999999999602e-06
-3.397431000000000083e-06
-1.901314999999999896e-06
-2.114670999999999934e-05
-4.873289000000000327e-06
1.038150000000000047e-05
6.206966000000000366e-06
1.981847000000000136e-05
-2.280449000000000094e-06
9.702927000000000418e-06
6.656599999999999930e-06
-3.755333000000000049e-05
4.640430000000000055e-06
1.247149000000000009e-05
1.806341000000000041e-06
1.581143000000000118e-05
2.127166999999999958e-05
-2.923622999999999841e-05
4.087308000000000034e-06
-4.447341000000000251e-06
8.495035999999999281e-06
-4.019294000000000045e-06
2.456266999999999907e-05
7.116818000000000273e-06
-2.532138000000000065e-06
4.387451000000000050e-06
-7.948993999999999876e-06
-1.234216999999999977e-05
9.798476000000000052e-07
6.282587000000000061e-06
2.813873000000000172e-06
2.022902000000000203e-06
1.931926000000000043e-05
1.649635000000000004e-05
-2.473580000000000210e-06
2.437735000000000132e-05
-4.587120999999999614e-06
6.603220000000000282e-06
1.363996999999999944e-05
-3.187995000000000298e-05
-1.424552000000000079e-05
8.919854999999999321e-06
-5.067533999999999854e-06
-6.210282000000000420e-06
2.055898000000000090e-09
-2.768327999999999832e-05
-2.629500999999999882e-05
8.777751000000000181e-06
3.504910000000000295e-05
1.553697999999999909e-05
-1.114180999999999963e-05
-2.687674999999999979e-05
2.958199999999999900e-05
-2.197205999999999983e-05
6.969526000000000227e-06
2.653300999999999891e-05
-1.193605000000000069e-05
3.108536000000000116e-06
-1.886385000000000066e-06
6.972478999999999790e-06
7.777806000000000051e-06
1.513245999999999970e-06
-1.451790999999999980e-06
2.019830000000000108e-06
-2.975112999999999835e-06
-5.692187999999999989e-06
-5.779259999999999619e-06
-6.974400000000000301e-07
-9.942453999999999252e-06
-6.212884000000000459e-07
2.448763999999999853e-05
-2.004461999999999834e-06
4.019798000000000235e-05
6.738669999999999976e-06
9.243369000000000083e-07
4.388298000000000349e-06
-1.686412999999999874e-05
-1.585933000000000118e-05
-1.481235999999999958e-05
-6.174211999999999595e-06
1.633022000000000050e-06
1.133267999999999938e-05
2.100624000000000083e-06
-6.857218999999999644e-06
-4.293411999999999747e-06
-2.885622000000000135e-05
6.855027000000000123e-06
3.117279000000000008e-05
1.112972999999999991e-05
2.581700000000000032e-05
1.432291999999999940e-05
1.551113000000000001e-05
-9.967146000000000675e-06
-1.406324000000000056e-05
-1.210576000000000080e-05
-9.823422999999999408e-06
1.186274999999999920e-05
-9.761379999999999704e-06
2.464970000000000135e-06
-2.632372000000000146e-05
4.966641999999999737e-05
1.277665000000000074e-05
2.556707999999999984e-05
-9.578061000000000655e-06
-3.666152000000000267e-05
3.570837999999999963e-06
4.514174999999999855e-06
-2.221571999999999946e-05
1.727481999999999904e-06
-2.816899000000000014e-05
-2.540934000000000023e-05
1.432751000000000032e-05
6.894509000000000264e-06
7.040322999999999746e-06
1.187151000000000046e-05
4.625271999999999649e-06
7.835616000000000434e-07
-2.267790999999999918e-05
3.671720999999999874e-06
-2.901194999999999927e-07
2.113797999999999849e-05
-2.101993000000000053e-05
-1.890836000000000068e-05
-1.573321999999999842e-05
2.420090000000000067e-05
-3.231798000000000326e-05
5.133607999999999656e-06
-1.441132000000000011e-05
-1.026846000000000062e-05
1.388052000000000005e-05
1.105585000000000020e-05
1.240514999999999930e-05
-2.285439000000000193e-06
-2.238124999999999853e-05
-1.541493999999999983e-05
1.497353999999999928e-05
5.233300000000000361e-06
1.175977000000000049e-06
-1.035729999999999992e-05
-1.038185000000000081e-06
-2.131779000000000042e-05
5.349121000000000111e-06
-2.136112000000000090e-06
-1.016159000000000040e-05
9.473731999999999642e-06
2.701090999999999818e-06
6.247368999999999884e-06
-2.846838000000000203e-06
-3.106021999999999923e-05
1.333118000000000066e-05
2.358969000000000148e-05
4.334382000000000305e-06
-5.984367000000000398e-06
-1.751247000000000006e-05
4.444807000000000184e-06
1.230813999999999936e-05
-6.222463999999999993e-06
-2.217889000000000137e-05
-1.581995999999999947e-06
5.881068000000000288e-06
2.235315000000000129e-05
9.094992999999999337e-06
-3.158425999999999904e-05
1.896292999999999972e-05
1.093349000000000058e-05
-1.081258999999999976e-05
1.309279999999999940e-05
-1.794422000000000105e-06
-4.687433999999999991e-07
1.947973000000000128e-05
-9.334640000000000001e-07
8.861190999999999504e-06
-2.361796000000000045e-05
-1.162186999999999923e-05
2.307173000000000009e-05
-1.599914000000000010e-05
-1.696542999999999894e-06
1.740772000000000077e-05
-1.768622000000000157e-05
3.288529000000000105e-06
-2.178991000000000022e-05
-2.206143000000000063e-05
1.747258000000000136e-05
1.875653000000000073e-06
8.204172999999999623e-06
1.004668000000000017e-05
-1.399555999999999920e-05
5.470504999999999896e-06
-1.445051999999999967e-05
6.149791999999999751e-07
1.037503999999999918e-05
-1.869975000000000041e-06
6.664836000000000269e-06
-2.042943000000000000e-05
-3.389052999999999890e-05
-1.132592000000000082e-05
-1.019128000000000045e-06
1.565059000000000155e-05
1.142816999999999972e-05
-1.140840999999999976e-05
-1.550364000000000120e-05
4.616633000000000256e-06
5.063413999999999629e-06
1.941644999999999941e-05
-1.554607999999999872e-05
2.364979000000000113e-05
-1.290771999999999981e-05
1.262080000000000036e-06
-5.775505000000000364e-06
-1.594404999999999857e-05
7.256692000000000113e-06
-1.336799000000000074e-05
-2.601265000000000073e-06
2.455932999999999920e-06
2.451044999999999841e-05
7.188024000000000282e-07
-7.023452000000000124e-06
2.006348000000000056e-05
-1.908628999999999984e-05
3.516364000000000186e-06
-1.029279000000000009e-05
1.568948999999999875e-05
1.372322999999999973e-05
-2.438795000000000085e-05
3.995685000000000352e-06
-8.329944000000000015e-06
-4.095908000000000257e-06
-1.496150999999999967e-05
-9.158466000000000821e-06
-8.966284000000000219e-07
1.675152999999999918e-05
3.067114000000000125e-05
2.332528000000000040e-05
-5.695753999999999745e-06
-3.827568000000000214e-05
-2.995482999999999862e-05
1.421292000000000046e-05
2.356077000000000109e-05
4.014932000000000339e-06
4.061249000000000052e-06
2.097519000000000136e-05
1.312253000000000055e-05
-2.697263999999999931e-05
-4.832891000000000312e-06
1.158196000000000083e-05
-1.550911999999999831e-05
2.086123000000000152e-05
3.725038000000000113e-06
5.689263000000000352e-06
1.942268000000000155e-05
-1.013645000000000016e-05
-3.866020999999999861e-06
-3.372237999999999950e-05
-2.946042000000000143e-05
-2.659436000000000129e-05
-5.455733000000000404e-06
-8.306077999999999793e-06
2.971624000000000129e-05
1.727034999999999974e-05
-1.237669000000000059e-05
6.277801999999999902e-06
9.437649999999999333e-06
-1.064650999999999948e-05
2.020608999999999884e-05
2.734488000000000169e-05
5.120476999999999933e-06
6.988848999999999771e-06
-1.415155000000000006e-05
3.122965000000000007e-05
1.732960000000000091e-05
-3.131514999999999782e-05
-6.603187000000000006e-06
5.118179999999999843e-06
-4.626389000000000201e-05
9.260852999999999474e-06
5.361588000000000139e-05
8.509860999999999600e-07
1.613830000000000098e-06
1.693226999999999840e-05
-1.547376000000000141e-05
-4.190710999999999796e-05
4.074769000000000221e-05
2.166603000000000100e-05
1.236884999999999932e-05
2.441095000000000046e-05
-8.949317000000000700e-06
-2.281144999999999993e-05
6.862306999999999696e-07
2.201673000000000088e-05
3.898998000000000307e-05
-8.854070999999999478e-07
1.175781000000000017e-05
-9.990622000000000203e-09
-7.001364000000000277e-06
4.877365000000000185e-06
-8.654304000000000413e-06
-1.131277000000000079e-05
2.302846999999999943e-05
-6.879025999999999992e-06
1.042095999999999958e-05
2.593998000000000012e-06
-7.384890999999999765e-06
6.503092999999999640e-06
6.227639000000000328e-06
1.838539000000000076e-06
2.372753999999999882e-05
-3.430771999999999820e-05
-2.460731999999999872e-05
-4.739410999999999981e-06
-1.307888999999999913e-06
-4.759488000000000115e-07
6.713643999999999921e-06
1.166637999999999925e-05
-4.096770999999999811e-05
-4.592323999999999706e-05
3.210925999999999825e-05
4.834198999999999826e-05
2.257352999999999866e-05
-8.572142999999999760e-06
2.399322000000000065e-05
-1.331645999999999922e-05
1.789259999999999874e-05
2.972200999999999836e-05
-1.589286999999999951e-05
-1.773324000000000100e-05
-1.977738000000000003e-05
2.216715000000000002e-05
2.971378999999999931e-05
-4.181825000000000234e-05
-1.948608999999999896e-05
-1.033392000000000083e-05
-5.556894999999999759e-06
-2.163997000000000078e-05
1.921495999999999873e-05
7.894960000000000386e-06
-2.430067000000000056e-05
-1.829879999999999834e-05
-1.891109999999999924e-05
2.738566999999999898e-05
2.611896999999999974e-05
1.017617000000000052e-05
1.240214000000000049e-05
-1.908602999999999859e-05
-2.480912999999999975e-06
2.278294000000000112e-05
4.050718000000000101e-06
1.221112999999999942e-05
-1.972901999999999835e-05
-9.935881999999999952e-06
1.676808999999999890e-05
-1.269247999999999947e-05
-3.785739000000000042e-05
-1.136079000000000071e-05
-4.173275000000000290e-06
9.037582000000000438e-06
6.042260000000000320e-06
-3.873744999999999619e-06
-2.480343999999999981e-05
1.320917999999999997e-06
1.218221000000000072e-05
-1.363008000000000046e-05
-9.383315999999999185e-06
1.019220999999999944e-05
-9.714586000000001013e-07
1.458262999999999907e-06
-2.799893999999999912e-06
2.969934000000000151e-05
-8.139479999999999190e-06
-2.651053999999999911e-06
3.589053000000000008e-05
5.642078999999999789e-06
-4.575988000000000072e-05
3.867380000000000232e-05
1.722060999999999977e-05
-2.295837999999999888e-05
-2.823755999999999939e-05
2.199781999999999939e-05
5.896709000000000263e-06
-1.483530000000000008e-05
1.129003000000000073e-05
4.166170999999999858e-06
-2.493279999999999954e-05
-1.649219000000000040e-05
2.758066999999999965e-05
-9.730817999999999301e-06
-1.599464000000000040e-05
1.381061999999999924e-05
1.454914000000000043e-05
-9.496251000000000163e-06
-9.804564000000000814e-06
-6.301319999999999835e-06
-2.056721999999999991e-05
-4.707263999999999660e-06
-1.410549000000000003e-05
9.178246000000000486e-06
-8.611088999999999506e-06
2.769887000000000133e-05
-2.143749999999999931e-05
1.890328999999999838e-05
2.011745000000000167e-05
-1.808217999999999973e-05
-8.134270000000000641e-06
-1.283378999999999999e-05
-8.467156999999999882e-06
-2.612778999999999841e-06
-3.082402000000000308e-05
-2.262396000000000031e-06
2.451970999999999821e-06
1.229600999999999952e-05
2.429611000000000090e-06
-1.152834999999999907e-06
-2.949070999999999941e-05
-1.664078000000000028e-05
4.321281000000000140e-06
6.244334000000000175e-06
1.264106999999999957e-05
2.182563999999999929e-05
-1.275033000000000033e-07
-1.055395000000000083e-05
-2.122693000000000041e-05
-1.575322000000000162e-05
-9.391664000000000075e-06
-1.286092999999999953e-05
1.258487000000000001e-05
-3.366961000000000102e-05
-1.856015000000000093e-06
6.705064000000000251e-06
5.014050999999999480e-07
-2.301802000000000023e-05
-8.046511999999999439e-06
9.472727000000000488e-06
2.187513999999999941e-05
-1.017556000000000020e-05
-1.791874999999999848e-05
-1.006378000000000040e-05
-2.384629000000000170e-06
1.131325999999999949e-05
4.962870000000000139e-05
-4.984069999999999869e-05
-9.636488999999999887e-06
3.149281000000000180e-06
-5.289577999999999960e-06
2.734653999999999923e-05
-1.102958999999999954e-05
3.124586000000000157e-06
1.571412000000000058e-05
3.410469999999999807e-06
1.162980000000000002e-05
1.326960999999999983e-05
-2.471954999999999950e-05
4.278346999999999578e-06
2.473935999999999873e-06
1.991554999999999942e-05
3.050630000000000047e-06
2.623639999999999837e-05
-7.137367000000000201e-06
-4.741692999999999868e-06
-1.841311999999999964e-05
-8.815473999999999413e-06
-1.582780999999999847e-05
2.444651999999999849e-05
1.080170999999999928e-05
1.110516999999999959e-05
2.577294000000000129e-06
4.710930999999999874e-06
-2.111189999999999941e-06
-2.506562000000000075e-06
1.853896000000000046e-05
2.920736999999999883e-05
1.855468000000000029e-06
-6.322880000000000354e-06
2.871345000000000119e-06
1.697444000000000074e-05
-1.744353999999999935e-05
-7.177871000000000178e-06
1.424334999999999976e-05
-4.928849000000000012e-06
3.324212000000000200e-06
1.145300999999999930e-05
6.940223000000000484e-07
9.147873000000000430e-06
6.690690000000000310e-06
-2.247219000000000075e-05
3.438863000000000011e-05
-8.366804999999999593e-06
-1.322511999999999951e-05
5.700711000000000416e-06
4.972585999999999976e-08
-5.853325999999999801e-06
1.221253999999999980e-05
-6.121847999999999682e-09
7.627091999999999989e-06
9.164757999999999168e-06
2.749293999999999922e-06
-3.747723000000000134e-06
5.521737999999999783e-06
5.586573000000000324e-06
2.722549000000000147e-05
3.368225999999999826e-05
-3.151316999999999969e-05
-5.894487000000000337e-06
-1.161804999999999967e-05
-4.072170000000000180e-06
1.948572000000000018e-05
6.530534000000000077e-06
-3.165299999999999662e-05
-1.714636000000000108e-07
1.671309000000000027e-05
1.392203999999999927e-05
2.862593000000000254e-07
1.973363000000000066e-06
3.886848999999999655e-06
-6.451147999999999580e-06
-7.925127999999999866e-07
2.671373000000000012e-05
-4.822338000000000178e-06
-3.472728000000000152e-06
-9.029993000000000806e-06
-4.452440000000000183e-06
2.182679999999999912e-05
8.664240000000000033e-07
-3.062034999999999898e-05
1.076538999999999960e-05
3.854949000000000011e-06
1.739999999999999942e-05
3.562321000000000210e-05
1.339032000000000049e-06
-1.286446000000000083e-05
-9.042687999999999505e-06
7.898425999999999922e-06
-8.863370999999999541e-06
-1.910056999999999931e-05
2.946811999999999799e-06
1.826049999999999906e-05
1.314038999999999973e-05
4.227228000000000284e-09
1.696873000000000110e-05
-2.004126000000000131e-05
1.375099000000000029e-05
-1.857307000000000139e-05
-7.694632999999999416e-06
-1.453938999999999938e-05
-2.732292000000000030e-05
-5.992896999999999959e-06
8.218251999999999255e-06
-1.603912999999999902e-05
-2.325667000000000175e-06
7.061923999999999914e-06
-1.216312000000000019e-05
1.724456000000000147e-05
8.188926999999999329e-06
-6.496929999999999983e-06
1.297805000000000020e-06
1.863108000000000052e-05
1.906786999999999875e-05
-4.487192000000000117e-05
-2.597465000000000211e-06
9.854467999999999380e-06
7.100604000000000364e-06
1.911216000000000032e-05
-3.242246000000000060e-06
-5.445176000000000160e-06
-1.301239000000000028e-05
6.772251999999999886e-06
7.679658000000000461e-06
1.222506999999999924e-06
-1.536789999999999901e-05
-1.232520000000000017e-05
2.770377000000000191e-06
-2.049948000000000113e-05
-1.236811000000000007e-05
-3.339660999999999957e-06
1.783690999999999928e-05
1.646769000000000089e-05
-3.377341999999999893e-05
-2.146527000000000057e-05
3.159032999999999676e-05
-3.536214999999999905e-06
-9.032904999999999873e-06
2.415645000000000146e-05
1.330134999999999886e-07
2.740943000000000220e-07
-2.922305000000000136e-05
-2.135355999999999921e-07
-1.749753999999999917e-05
-1.658074999999999876e-05
-8.949426999999999925e-06
1.962680000000000155e-06
-9.014257999999999508e-06
-1.981125999999999843e-05
5.822807000000000373e-06
1.589916999999999977e-05
-5.515453999999999963e-06
-7.456726999999999800e-07
-1.063897999999999957e-05
-1.960585999999999866e-05
-1.763935000000000078e-06
1.351917999999999954e-05
1.983301999999999938e-05
-1.913265000000000053e-06
7.021368000000000196e-06
-2.675006000000000050e-05
-1.348609999999999951e-05
-9.023094000000000316e-07
-1.817714999999999968e-06
-1.449884000000000025e-05
1.026097000000000012e-05
2.587664999999999898e-06
8.513230000000000482e-06
3.384249999999999997e-05
1.464303000000000065e-05
-4.659094999999999647e-06
-1.175256000000000052e-05
-1.478378999999999995e-05
-4.244049999999999625e-06
8.101656000000000347e-06
-4.331717999999999613e-06
2.734606000000000208e-07
-1.538659999999999936e-05
1.074271999999999936e-05
1.593395000000000014e-05
1.397400000000000038e-05
2.527054000000000081e-05
2.224999000000000057e-06
1.288061000000000067e-05
-5.539161999999999636e-06
4.856140999999999624e-06
-3.149772000000000308e-05
1.402590000000000068e-06
2.491583000000000163e-05
-1.154224999999999948e-05
-8.908235000000000227e-07
1.037060999999999929e-05
-6.986721999999999715e-06
7.218174000000000324e-06
6.689095999999999509e-07
-1.074509000000000083e-05
-1.239405000000000037e-05
5.088874000000000229e-06
5.098454999999999791e-06
8.692380999999999676e-06
5.831137999999999735e-06
-9.623441999999999942e-06
3.521440999999999934e-06
3.257813000000000110e-05
-1.977658000000000166e-05
-4.781957000000000335e-05
4.030204999999999812e-05
-3.315574000000000199e-06
9.419829000000000169e-06
6.018449999999999950e-06
-9.478287999999999197e-06
1.655573000000000014e-05
-1.660753000000000022e-06
1.550969000000000092e-05
-6.668994999999999665e-06
-1.722319000000000069e-05
4.691137999999999638e-06
1.054458999999999995e-05
-1.919929000000000028e-05
-4.450135999999999773e-05
-1.360177999999999939e-06
7.038750000000000159e-06
-4.527274999999999781e-06
-7.426399999999999743e-06
-6.278794000000000180e-06
-1.346288000000000018e-06
-2.240447999999999814e-06
-2.333487000000000042e-05
-2.586569000000000137e-06
7.399756999999999734e-06
-1.193748000000000077e-05
3.757502999999999894e-06
-5.346016999999999980e-06
-1.116478000000000053e-05
2.836374000000000027e-05
1.633875000000000006e-05
5.426999999999999878e-06
-9.837513000000000827e-06
-1.875855000000000016e-05
9.837494999999999907e-06
-4.112604999999999734e-06
-1.641250999999999984e-06
3.016426999999999978e-05
-1.375186000000000016e-06
-6.211195999999999815e-06
2.906056000000000065e-07
-3.498327000000000142e-06
-1.890979000000000035e-06
1.151960999999999964e-05
1.736530000000000126e-05
-2.257070000000000059e-05
-3.648767999999999825e-05
-2.619534999999999984e-06
-1.656097000000000078e-05
-1.267271999999999994e-06
-6.204269999999999638e-06
5.962210000000000129e-06
1.111114000000000048e-05
-9.725181000000000189e-07
9.932486999999999623e-06
2.248364999999999945e-05
1.288516000000000048e-05
-3.541929000000000084e-05
2.475968000000000144e-05
5.254772000000000144e-06
-3.155309000000000133e-06
4.808994000000000293e-06
5.068293000000000477e-07
-4.775807999999999795e-05
-6.103653999999999685e-07
-2.363281999999999814e-06
1.809064999999999933e-05
9.418856999999999596e-06
-1.882639999999999986e-05
-2.835333000000000048e-05
1.008679000000000029e-06
2.076197000000000003e-05
3.131340999999999807e-05
-1.351891999999999998e-05
-6.577179999999999766e-06
-1.274669000000000043e-05
-9.244365999999999440e-06
1.800710999999999978e-05
-1.413000000000000024e-05
8.538800999999999699e-06
1.831090000000000116e-05
1.657378999999999976e-05
3.395901000000000201e-06
-8.425231000000000040e-06
-2.226503000000000068e-06
-2.154554000000000090e-06
-2.876699999999999918e-06
1.909542000000000157e-05
-6.134935000000000242e-06
2.036315000000000086e-06
5.115903000000000305e-06
-9.286656000000000012e-06
-3.427143000000000062e-05
6.896007999999999714e-07
4.151258999999999890e-05
1.457348999999999961e-05
5.355346000000000208e-06
1.284927999999999940e-05
-6.805621999999999873e-06
-7.943038000000000640e-06
8.120627999999999731e-06
2.437377000000000161e-06
-4.979323000000000336e-06
2.722960000000000099e-05
1.041916999999999972e-05
-1.421910999999999980e-05
3.315603000000000153e-07
-1.134778999999999931e-05
1.119725000000000024e-05
2.001295999999999910e-08
5.897311000000000363e-06
1.611933999999999939e-05
5.167364999999999949e-06
1.128564999999999926e-05
-1.317922999999999909e-06
-3.787273999999999850e-06
-2.354185999999999960e-05
1.168231999999999965e-05
2.590410999999999888e-05
1.936366999999999938e-06
1.103994999999999954e-07
4.240579999999999979e-06
-5.832428999999999584e-06
1.115712000000000000e-05
1.447279999999999974e-05
6.011470999999999792e-06
7.848937999999999288e-06
2.182736999999999834e-06
-6.440240000000000023e-06
3.521581999999999803e-07
9.521115000000000405e-06
-1.306523000000000027e-05
-4.815958000000000249e-06
1.471003999999999918e-05
1.290719000000000000e-05
7.908308000000000381e-06
-1.086513000000000078e-05
-4.512333000000000255e-06
-1.358945999999999982e-05
6.453036000000000027e-06
1.106622999999999959e-05
1.146722999999999964e-05
-1.226863000000000014e-05
-1.580533000000000009e-06
1.906021999999999892e-05
1.187924999999999981e-05
-1.628922999999999854e-05
-3.038574000000000141e-06
-3.054151999999999858e-06
-4.833545000000000154e-06
-1.771892999999999944e-05
6.137579000000000381e-06
-9.458993999999999606e-07
-1.615394000000000072e-06
1.080149000000000083e-05
2.044650000000000151e-05
-6.786493000000000179e-06
-1.660787999999999929e-05
1.539772000000000138e-05
6.624477999999999664e-06
-3.006800000000000079e-05
-1.802844999999999846e-05
1.181286999999999961e-05
9.208508000000000231e-06
-1.231683999999999980e-05
1.651576999999999993e-05
-9.086310000000000423e-06
6.133545000000000412e-06
1.440145999999999984e-06
7.194428000000000026e-06
-1.375390999999999958e-05
-9.698299000000000570e-06
-1.168286999999999916e-05
-2.471952999999999980e-06
-1.846490000000000002e-05
-3.793733000000000054e-06
-1.281861999999999925e-05
-1.281348999999999995e-06
2.683078999999999828e-06
5.209389000000000379e-06
-9.434894000000000337e-06
5.596425999999999770e-06
1.857829000000000064e-05
-8.296306000000000253e-06
-1.474384000000000045e-05
3.801405000000000071e-06
-9.136274999999999190e-06
1.016509999999999988e-06
4.869031000000000105e-06
7.675455999999999879e-07
7.725542000000000715e-06
-1.173195999999999939e-06
-4.809973000000000001e-06
-3.334076000000000162e-06
1.551521999999999962e-07
-4.924997999999999801e-06
-1.108578000000000010e-05
-5.455831000000000145e-06
-3.606413999999999857e-06
3.096018999999999978e-06
1.150761999999999944e-05
-2.369605999999999891e-06
-1.172275999999999955e-05
-8.265144000000000229e-06
6.549786000000000414e-06
-2.095969999999999941e-06
2.213173000000000147e-06
1.047357000000000042e-05
2.001758999999999887e-05
-5.671966999999999798e-06
6.103362000000000307e-07
5.005400999999999784e-06
9.225781000000000362e-06
-1.000159999999999924e-06
1.361310999999999916e-05
1.241982000000000063e-05
1.259844999999999963e-05
9.445048999999999226e-06
2.283322999999999806e-06
1.201435999999999986e-07
-9.030381999999999897e-06
4.934767999999999709e-06
9.553448000000000354e-06
8.800836000000000656e-06
7.746252000000000005e-07
-2.105132000000000091e-05
1.434260000000000054e-05
2.864050999999999864e-05
-1.811307999999999972e-05
-1.206834999999999940e-05
2.205406000000000006e-05
-4.588235000000000295e-06
-1.360201999999999924e-05
-5.095903999999999889e-06
4.153851000000000288e-06
-2.038132999999999956e-05
-1.061797999999999926e-05
8.990106999999999677e-06
-9.774253000000000352e-06
-2.818560999999999982e-06
-1.712897000000000068e-06
3.656309999999999896e-06
-2.983158999999999906e-07
-1.746643000000000143e-05
-2.014545999999999939e-05
1.140346999999999934e-06
3.224091999999999963e-06
-1.012657999999999919e-05
-1.651555000000000148e-05
-1.658844999999999870e-05
-2.008460000000000079e-05
-5.855410000000000152e-07
1.441975999999999931e-05
1.249576000000000045e-05
9.054693000000000756e-06
-2.591712000000000014e-06
-1.709035000000000147e-05
-9.518645000000000410e-06
1.642260000000000096e-05
4.862365000000000328e-05
1.615408000000000035e-05
-1.449197000000000077e-05
-8.535572999999999533e-06
-2.998039000000000113e-05
-1.816959999999999965e-05
-7.630456999999999914e-06
-2.098435999999999910e-05
-3.539600999999999859e-05
-1.984099999999999858e-05
-1.832004999999999920e-06
5.309109000000000163e-06
-1.996818999999999897e-05
-1.681570999999999964e-05
-3.617355000000000114e-06
1.566476999999999952e-06
-1.399747999999999969e-05
-6.629714999999999594e-06
-7.029444999999999746e-06
-5.622327000000000050e-06
-8.421249000000000659e-06
-2.399463000000000103e-06
4.976956999999999823e-06
-7.847612000000000378e-06
-9.962205999999999626e-08
1.981835000000000144e-06
8.658080999999999851e-07
6.713830000000000397e-06
-3.312160999999999797e-06
-9.703812999999999888e-07
4.092521000000000148e-06
-1.580387000000000002e-06
3.262509999999999956e-06
1.476949999999999894e-06
4.559437999999999696e-06
-2.252339000000000036e-06
-6.850046999999999876e-06
-9.715135999999999678e-06
-3.317601999999999852e-06
9.131412000000000479e-08
8.015753999999999555e-06
6.584897999999999782e-06
5.458264999999999993e-06
-5.780657000000000277e-06
-8.194476000000000247e-07
-8.224369000000000606e-06
-6.497696000000000376e-06
1.362461000000000066e-06
1.990242999999999979e-05
1.468846000000000065e-05
-2.301934999999999893e-07
8.764503999999999798e-06
9.629204999999999568e-06
2.516897000000000121e-06
-1.835578999999999896e-06
7.699880000000000257e-07
2.234205999999999883e-06
7.638224000000000436e-07
1.117495000000000047e-05
1.011084999999999993e-05
6.071577000000000026e-06
-4.882836999999999613e-06
5.782962000000000032e-08
-1.060097000000000025e-05
-7.557133000000000309e-06
-2.418695000000000205e-07
1.088200000000000017e-05
1.072440999999999919e-05
1.019201000000000070e-05
-5.163163999999999977e-08
3.931354000000000172e-06
7.355105999999999846e-06
6.986283999999999906e-06
3.022609999999999932e-06
7.674958999999999712e-06
1.623115999999999860e-05
1.204626000000000077e-05
2.014055999999999881e-05
1.451955999999999961e-05
1.329575999999999957e-05
1.702361000000000149e-05
1.433977999999999978e-05
6.805638000000000315e-06
5.896617000000000264e-06
-6.458666000000000006e-06
-6.659464999999999605e-06
6.701466999999999851e-06
1.169318999999999942e-05
1.524754999999999939e-05
9.024354000000000368e-06
1.157510000000000036e-05
9.354767999999999742e-06
2.648705999999999895e-06
3.384803999999999873e-06
1.357859000000000089e-06
7.608717000000000355e-06
1.195045000000000008e-05
5.869667999999999856e-06
-2.866265999999999892e-06
3.129969999999999803e-07
6.429311999999999914e-06
1.626436000000000025e-05
1.449705000000000039e-05
9.857352999999999607e-06
7.583540999999999972e-06
-1.840703999999999910e-06
1.224069999999999954e-05
8.013696999999999314e-06
1.104430000000000029e-05
5.860258999999999960e-06
1.976865999999999935e-07
4.338370999999999666e-06
-1.052048999999999962e-05
-1.632170000000000036e-06
2.338206999999999889e-06
5.610470999999999735e-06
4.901991999999999602e-06
-4.045859000000000018e-06
-3.259290999999999827e-06
-7.096139999999999960e-06
8.221838000000000410e-06
1.255156000000000083e-05
-5.246896999999999817e-06
-1.348766999999999923e-05
-8.771417999999999644e-06
1.417543000000000024e-05
1.269332999999999964e-05
7.764526000000000027e-07
1.025468999999999956e-05
8.044715000000000446e-06
5.089104999999999618e-06
1.056291999999999983e-05
-4.915933000000000084e-06
-9.799061000000000742e-06
-4.818283999999999657e-06
-1.475716999999999952e-06
-5.405394000000000207e-06
-4.377244999999999965e-06
-1.363456000000000046e-05
-8.762139999999999764e-06
4.029876999999999736e-06
-1.016317000000000082e-05
-1.835465999999999953e-05
-1.088941999999999916e-05
-4.068522000000000279e-06
-2.932789999999999833e-06
-6.687190999999999651e-06
-2.217267999999999893e-06
6.274895000000000338e-06
-7.285027000000000241e-06
6.224253999999999852e-06
5.897225000000000107e-06
3.645684999999999892e-06
6.743478999999999527e-07
-9.807517000000000378e-06
6.632333999999999678e-06
5.889561999999999703e-06
3.325872999999999887e-07
-3.887120999999999858e-07
4.419216999999999807e-06
-3.634024999999999905e-06
-6.972112000000000036e-06
-1.201056999999999943e-05
-1.093003000000000079e-05
-1.387350999999999924e-05
-6.675498999999999628e-06
-7.492447000000000069e-07
-1.189464999999999969e-05
-1.177920000000000066e-05
-6.102481000000000128e-06
4.442665999999999953e-07
-6.854826000000000292e-06
-6.805344999999999639e-06
-7.661431000000000678e-06
-4.819561000000000391e-06
2.024257999999999940e-06
-1.638737000000000045e-06
-4.094132000000000360e-06
-3.810648000000000044e-06
-1.356379999999999921e-06
-2.509121000000000197e-06
-8.356603000000000466e-06
-5.766782999999999739e-06
-6.996110999999999906e-06
7.866826000000000089e-06
8.002266999999999323e-06
-7.718560999999999231e-06
-1.268770999999999952e-05
-1.118701000000000049e-05
-9.489546999999999761e-06
8.331231999999999993e-07
-2.561430999999999956e-06
-8.910606000000000453e-06
-1.661943000000000090e-05
-1.164882000000000073e-05
-4.934586000000000191e-06
-6.056946000000000403e-06
-7.147297999999999683e-06
-4.194586999999999892e-06
-7.091839999999999849e-06
-6.191483000000000094e-06
-3.848521999999999844e-06
-6.627419999999999983e-06
-6.134663000000000357e-06
1.032262000000000062e-06
-5.711072000000000332e-06
-1.177487999999999999e-05
-4.536605000000000249e-06
9.748901000000000192e-06
5.409160999999999794e-06
-1.989408999999999997e-06
-3.104638999999999905e-06
-8.933302999999999535e-06
-4.461677000000000413e-06
2.000857999999999877e-06
5.101380999999999668e-06
1.400711999999999897e-06
-5.994892999999999787e-07
1.086475999999999994e-07
1.417839000000000021e-06
-6.575302000000000018e-06
-9.214803000000000143e-06
-7.281386999999999713e-06
-5.681689000000000075e-06
-5.357883999999999751e-07
-1.874352999999999976e-06
-8.222957999999999562e-07
3.014842000000000124e-07
4.623752999999999859e-07
-1.014631999999999944e-05
-5.823200999999999814e-06
1.247554999999999950e-06
4.102876999999999715e-06
6.919083999999999940e-06
4.249757999999999639e-06
7.812279000000000203e-07
-9.737289000000000683e-06
-2.083750999999999898e-05
-4.012692999999999733e-06
-1.134359999999999927e-05
4.796403999999999623e-06
8.399647000000000252e-06
9.516610000000000352e-06
-8.707358000000000803e-06
-5.113970000000000099e-06
-2.452062000000000004e-06
2.010449999999999953e-06
-1.163686000000000008e-06
4.911168000000000054e-07
-1.365166000000000089e-07
-3.376328999999999925e-06
-1.927355000000000201e-06
-4.335893999999999690e-06
1.024514000000000064e-06
8.933735000000000025e-07
1.615967999999999908e-05
1.086728999999999942e-05
-3.744324999999999933e-06
3.611580999999999972e-06
1.076634000000000084e-06
2.792888000000000067e-06
4.674957000000000004e-06
-8.113742999999999203e-06
-4.817565000000000351e-06
-4.754611999999999668e-06
-9.808189999999999685e-06
-1.448269000000000042e-05
-4.657891999999999686e-06
1.031720999999999951e-06
3.946260999999999790e-06
1.363841000000000043e-05
1.413426999999999995e-06
5.484407999999999965e-07
4.825266999999999926e-06
7.275788000000000379e-06
7.708955999999999854e-06
2.929737000000000051e-06
6.847843000000000023e-06
1.079182999999999930e-05
2.773685000000000024e-06
-2.915299999999999854e-06
-5.693379999999999859e-06
-4.394692000000000241e-06
3.802891999999999825e-07
9.462214000000000611e-06
1.469826000000000011e-05
3.718597999999999798e-06
-1.722696999999999958e-06
-2.669076000000000176e-06
-8.542622000000000353e-06
3.725730999999999972e-06
9.581058999999999979e-06
4.198870000000000170e-06
1.032369000000000051e-06
7.520950000000000388e-06
-1.655638000000000072e-06
3.562282000000000108e-06
1.299186000000000024e-06
-2.329758999999999891e-07
-2.592165000000000024e-06
7.507965000000000037e-06
4.934934999999999872e-06
-1.120191999999999998e-05
2.028737999999999938e-06
4.893232000000000045e-06
3.272251000000000123e-06
1.076160000000000044e-05
7.286931999999999675e-06
-7.448466999999999645e-06
2.330741999999999868e-06
5.331202000000000359e-06
-5.204236000000000227e-06
3.061043000000000022e-07
1.235458999999999999e-06
6.989500999999999981e-06
1.524016000000000080e-05
7.865020999999999181e-06
1.368866999999999950e-05
1.447003999999999978e-05
1.060146000000000065e-05
-1.197006999999999914e-06
-6.719241999999999863e-06
-5.140199000000000115e-06
-1.929826000000000012e-06
1.108544000000000003e-05
4.512640999999999757e-07
5.612844999999999621e-06
-8.628770000000000735e-06
-2.714658999999999956e-06
1.518507999999999997e-05
2.036504999999999910e-05
3.802599999999999812e-06
6.790415999999999836e-06
9.552517000000000278e-06
5.191682999999999942e-06
-6.677643000000000366e-06
7.026511999999999888e-06
1.091419999999999962e-05
2.372845000000000149e-06
4.848988000000000168e-06
-7.368124999999999864e-06
-2.038542999999999838e-05
-9.490826000000000126e-06
-9.007155000000000162e-07
5.980962000000000217e-06
2.993305999999999950e-06
-7.781104999999999847e-07
-7.199508999999999885e-06
3.710731999999999932e-06
4.988410000000000237e-06
4.884539999999999824e-06
4.096127000000000161e-06
-3.164593999999999995e-06
-1.871264000000000046e-06
4.756080000000000379e-06
4.629786000000000162e-06
9.932653000000000394e-06
4.929783999999999776e-07
5.185764999999999638e-06
2.598438999999999992e-06
1.188887999999999924e-05
7.312761999999999900e-06
4.542121000000000045e-06
-1.195691000000000009e-06
-5.360687999999999860e-06
-4.022680000000000125e-07
-1.111248000000000105e-06
-2.086375000000000046e-07
-5.399939999999999582e-07
-1.203727000000000037e-05
-5.925833999999999751e-06
-4.941962000000000508e-07
-1.063279999999999923e-05
-7.910131000000000516e-06
-9.846966999999999636e-07
-3.847571000000000010e-08
1.597021000000000070e-06
9.470446000000000840e-06
2.563680999999999807e-06
-7.210336999999999775e-06
-1.718842000000000060e-06
-6.429874999999999996e-06
-8.293645999999999672e-07
1.232751000000000083e-05
1.242397000000000084e-06
1.418970000000000070e-05
9.579918000000000458e-06
-1.814243000000000055e-06
-9.712668999999999554e-06
-2.875954999999999894e-06
1.812556000000000074e-06
3.117565000000000110e-06
-1.799578999999999944e-06
2.294227999999999915e-06
1.017285000000000036e-05
-2.497765999999999948e-06
-5.599280000000000201e-06
-1.060337999999999944e-05
-1.608690000000000009e-05
-1.135645999999999935e-05
-5.645723999999999819e-06
5.504761999999999592e-06
-2.364739999999999826e-06
1.172723000000000012e-06
3.796986999999999879e-07
-2.267846999999999939e-06
7.908005999999999244e-06
3.603809000000000159e-06
-1.239707999999999973e-06
-3.245512999999999821e-06
-9.685437999999999407e-06
2.578290000000000120e-08
-3.101469000000000070e-06
6.657065999999999665e-06
5.541323000000000207e-06
7.374284999999999650e-06
1.779992999999999917e-06
3.580039999999999862e-06
-1.722630000000000141e-05
-6.821239000000000032e-06
-1.096478999999999976e-05
-4.058593999999999821e-06
-3.812699999999999935e-06
3.432366999999999887e-07
-7.864924999999999919e-06
-6.819092999999999663e-06
-1.016006000000000010e-05
-1.091404000000000029e-05
-3.904273000000000354e-06
-1.278417999999999980e-06
-5.945595000000000374e-07
1.513657000000000092e-06
2.155198999999999895e-06
-1.328706000000000040e-06
2.803904999999999881e-06
-3.131283000000000260e-07
5.846128999999999978e-06
1.749579000000000052e-07
4.277137999999999875e-06
2.693526999999999817e-06
4.049895999999999858e-06
-4.037505999999999626e-06
1.805183000000000052e-06
-5.839421000000000313e-06
-1.114258999999999999e-05
-9.433922999999999156e-06
-8.796203999999999850e-06
-2.986634000000000008e-06
1.205383999999999910e-06
-2.181232000000000007e-06
1.105881000000000060e-05
-2.621234000000000190e-07
-1.064224999999999962e-05
-1.027386999999999960e-05
-8.145474000000000746e-06
-1.879809000000000021e-06
-1.023639000000000009e-05
5.560518999999999845e-06
9.689981999999999478e-06
-1.575021999999999927e-06
-5.794581000000000078e-06
2.558636999999999911e-06
-1.296091999999999957e-06
6.513194000000000003e-06
1.412170000000000067e-05
1.171749000000000019e-05
1.378725999999999901e-06
-6.282424000000000008e-06
-9.813764000000000658e-06
-6.535030999999999909e-06
-9.730354999999999438e-06
-1.671627999999999939e-06
2.390066999999999931e-06
1.109843999999999974e-05
-1.273636999999999932e-06
-7.151207999999999617e-06
-2.527908000000000192e-06
-1.148775000000000068e-06
-1.799765999999999939e-05
-4.439157999999999893e-06
-2.807206999999999972e-06
-7.769596000000000217e-07
5.704031999999999973e-06
1.250215999999999924e-06
-4.570810000000000203e-06
-3.885611999999999920e-07
9.366647999999999661e-07
-1.252327000000000046e-05
-2.540652000000000031e-07
-5.866283999999999618e-06
-5.260784000000000079e-06
-8.626997000000000709e-06
3.436826000000000152e-06
-2.490383000000000073e-06
-1.974948999999999800e-06
3.460022999999999907e-06
5.023617000000000322e-06
-6.194789999999999688e-06
-7.781521000000000743e-06
-1.488087000000000056e-06
-1.377543999999999990e-07
3.210422999999999789e-06
2.452227000000000112e-06
-4.659377999999999624e-06
-1.052462000000000055e-05
-2.326330999999999869e-06
-2.049076000000000024e-07
5.157047000000000161e-06
9.804136000000000011e-06
1.104367999999999927e-05
1.003857999999999988e-07
1.447814000000000060e-05
2.297450999999999901e-05
-1.368006000000000027e-06
-2.390579999999999904e-06
-1.712185999999999924e-06
2.910961000000000148e-06
1.088380999999999931e-06
1.156476000000000039e-05
1.051094000000000071e-05
8.434260999999999638e-07
8.729879999999999501e-06
-1.773977000000000083e-06
-4.926064000000000004e-06
-4.513858000000000211e-06
-6.176710000000000363e-06
-1.392903999999999937e-06
1.633660999999999901e-06
-5.713538999999999609e-06
-6.085539999999999845e-07
6.366105000000000266e-06
1.393490000000000019e-06
2.094642000000000129e-06
-9.919031000000000035e-07
5.994310999999999604e-06
2.006953000000000197e-06
9.093246000000000453e-06
-4.077475000000000293e-06
-1.000288000000000070e-06
-3.716301999999999948e-06
5.078887000000000260e-07
3.530955999999999791e-06
3.930832999999999978e-06
3.588375999999999997e-06
-7.621728000000000153e-06
8.143053999999999537e-08
-7.334821999999999821e-06
-1.806675999999999971e-06
1.023579999999999948e-05
6.410998999999999874e-06
3.279131999999999905e-07
-3.453737000000000031e-06
-2.955212000000000006e-06
3.375510999999999791e-06
1.138132999999999933e-05
1.178474999999999927e-05
1.128075999999999938e-05
4.844748000000000019e-06
4.392498000000000241e-06
3.461177999999999813e-06
1.122719999999999984e-05
1.744473999999999859e-05
1.361467999999999973e-06
1.373562000000000081e-06
-3.719719000000000249e-07
-3.422372999999999937e-06
-5.814731999999999608e-06
1.046833999999999962e-06
1.217664999999999971e-05
-5.454815000000000263e-07
-5.971220000000000234e-06
2.317126999999999914e-06
-2.229870000000000048e-06
-4.767895000000000198e-06
2.092324000000000095e-06
2.524686000000000191e-06
-9.847450000000000051e-06
-7.255107000000000195e-06
-2.350584999999999789e-06
3.670078000000000049e-06
-4.107490000000000208e-06
-5.680707999999999889e-06
-9.859184999999999355e-07
6.130973999999999959e-06
6.490339999999999764e-06
9.962633999999999794e-06
3.992770999999999960e-06
2.668260000000000098e-06
3.383175999999999827e-06
1.518815999999999986e-06
9.037591999999999444e-06
1.093761000000000081e-05
1.497927999999999933e-05
-4.921600999999999840e-06
-9.595373000000000804e-06
-8.665032000000000084e-06
-1.411100999999999994e-05
-5.632767000000000241e-06
3.427096999999999894e-06
1.522646000000000041e-06
4.986881999999999563e-07
-8.236145000000000407e-06
6.144846000000000018e-06
1.479568999999999979e-06
-6.744065999999999848e-06
7.719684999999999553e-07
6.526969999999999847e-08
-6.498870000000000172e-06
4.804734999999999831e-06
1.082338999999999972e-05
1.043881000000000002e-07
6.573620999999999992e-06
1.557107999999999932e-05
1.238630000000000032e-05
1.091264000000000060e-05
1.230772999999999947e-05
1.022235000000000048e-06
-1.371001999999999931e-06
5.200352999999999980e-06
7.048921999999999729e-06
4.518125000000000046e-06
7.524655000000000380e-06
5.339685999999999921e-06
-4.872992999999999780e-06
-4.864775000000000361e-06
-1.628948000000000036e-06
7.853233999999999288e-06
5.642328000000000098e-06
-1.382291000000000052e-06
-5.462208999999999595e-06
-6.138170999999999782e-06
-1.239395999999999915e-05
-6.243411999999999711e-06
-5.436259999999999473e-07
4.495253999999999973e-06
5.876839000000000231e-06
1.841641999999999968e-06
1.701282000000000053e-06
-3.863428000000000070e-06
6.554131999999999677e-06
1.093584999999999966e-05
-1.212526999999999936e-06
-1.840948000000000081e-06
-1.350232999999999986e-05
-3.095080999999999920e-06
-7.520946999999999669e-06
-6.875220000000000388e-06
-3.086253999999999996e-06
-2.018177999999999823e-06
-9.888795999999999977e-06
1.307083999999999927e-06
-1.481378000000000066e-05
-4.218429000000000299e-06
3.714070999999999985e-06
-1.337305000000000023e-06
-9.544904999999999376e-06
-3.585402999999999882e-06
-4.301889000000000174e-06
-9.694738000000000318e-07
4.221351000000000065e-06
-2.945495999999999894e-06
-1.389213999999999978e-05
-9.784110000000000756e-06
-2.147654000000000207e-06
-1.299886000000000077e-06
-6.839811999999999626e-06
-6.956334999999999696e-06
-1.264033000000000032e-05
-2.654737000000000143e-06
1.124951999999999932e-05
3.926162000000000002e-06
4.876128999999999948e-06
-8.171223000000000218e-06
-9.942675999999999874e-06
-1.727875999999999980e-06
-9.359392000000000115e-07
-2.762112999999999926e-06
-3.017069000000000081e-06
-1.923345000000000133e-05
-1.366752000000000056e-05
-2.984141000000000013e-06
-6.580455000000000171e-06
6.462724000000000001e-07
5.063056999999999728e-06
-1.016314999999999899e-06
-4.210347000000000399e-06
-6.522726999999999933e-06
-1.386913000000000105e-07
5.751909999999999788e-06
1.058662999999999998e-05
1.226386000000000018e-05
-1.771034999999999976e-06
-1.229728000000000028e-05
2.660680000000000079e-06
2.390551999999999978e-06
5.077834000000000416e-06
6.179372999999999968e-06
9.267436000000000347e-07
4.300927999999999693e-06
5.570570000000000098e-06
3.273116000000000071e-06
-3.227794000000000084e-06
-1.356777999999999938e-05
-5.456742999999999908e-06
-9.610841000000000026e-06
-5.761039000000000425e-07
4.934682999999999693e-06
-1.607500000000000068e-06
-3.785925999999999910e-06
5.664597000000000070e-06
-5.942283000000000006e-06
-8.035984999999999599e-06
4.885512999999999789e-06
4.240740000000000160e-06
4.003415999999999775e-07
5.492355000000000373e-06
7.211182999999999835e-06
8.605108000000000215e-06
3.899673999999999824e-06
8.586772999999999991e-06
1.154016000000000065e-05
-2.598512999999999917e-06
-6.906738000000000075e-06
-6.415127999999999712e-06
1.363276999999999933e-06
-1.181930999999999950e-05
-1.206958999999999975e-05
1.685157000000000059e-06
-5.128342999999999800e-06
-5.763433000000000016e-06
-2.125898000000000207e-06
9.201945000000000545e-06
5.622997999999999725e-06
5.174026999999999615e-06
4.110675000000000246e-06
-7.453359000000000004e-06
-1.745296000000000103e-05
-1.512806999999999965e-05
6.498714999999999705e-07
2.561690000000000223e-07
5.199971000000000023e-06
1.530389000000000028e-05
8.942889999999999686e-06
4.791562999999999613e-06
1.566073000000000024e-06
4.798840000000000373e-07
2.979826999999999939e-06
9.901945999999999588e-07
-6.586100000000000351e-06
-8.594760000000000022e-06
3.553025000000000172e-06
-7.286007000000000188e-06
-1.269117000000000101e-06
-1.031791000000000063e-05
-4.076478999999999904e-06
-3.051052000000000155e-07
7.023474000000000308e-07
-3.780652000000000018e-06
-6.676881000000000084e-06
-6.244482999999999841e-07
5.592475000000000187e-06
-1.353491000000000006e-06
-7.778761000000000789e-06
-3.180644000000000036e-06
1.873974000000000102e-06
1.661125999999999857e-05
1.443014999999999939e-05
7.320481000000000156e-06
1.040763000000000050e-05
4.961494000000000104e-06
3.870806000000000019e-06
-7.052640000000000080e-07
5.292935999999999903e-06
2.883214000000000158e-06
8.618294000000000397e-06
7.996578000000000469e-06
3.334325000000000047e-06
2.928014000000000241e-07
1.200526000000000066e-05
4.774697999999999733e-06
-4.195244999999999844e-06
8.672269000000000216e-08
-1.221843000000000018e-05
-9.177951000000000178e-06
4.427361000000000148e-06
-4.388305999999999723e-06
1.314433999999999950e-06
-6.209036000000000331e-06
-9.598663999999999956e-06
-5.664880000000000047e-06
-5.953974999999999818e-07
9.468451999999999584e-06
5.833947000000000405e-06
2.513962000000000207e-06
8.183057999999999741e-06
9.291450000000000631e-06
-3.793328999999999913e-06
-1.061047000000000075e-05
-7.745977999999999853e-06
-7.470845999999999690e-06
2.922906999999999983e-06
4.343803999999999924e-06
3.190064000000000024e-06
3.457108999999999938e-06
1.816738999999999920e-06
1.816937999999999908e-06
-2.638634000000000121e-06
1.156549999999999990e-07
1.845318000000000007e-06
-2.485802999999999856e-06
-8.494552000000000320e-06
-3.835002999999999893e-07
-2.415288999999999890e-06
5.839205999999999672e-06
-1.475878999999999977e-06
4.573243999999999946e-07
3.193254999999999804e-06
6.359021000000000386e-06
1.649322000000000131e-05
1.016314999999999942e-05
-3.815035000000000121e-07
-2.196659999999999819e-06
1.015358999999999980e-05
7.685192000000000331e-06
2.808401000000000108e-07
2.733666999999999911e-06
2.832633000000000057e-06
2.124362999999999976e-06
-5.673981999999999939e-07
-2.667680000000000181e-06
2.472525000000000099e-06
6.516546999999999596e-06
-2.476724000000000175e-06
8.272342000000000291e-06
5.042609999999999650e-06
1.002649000000000063e-05
1.035227000000000041e-05
-5.912014999999999672e-06
-4.469482000000000079e-06
-1.189512000000000039e-05
-1.416081999999999908e-07
6.005132999999999752e-06
8.877630999999999299e-06
1.284217000000000007e-05
-1.694862000000000079e-06
-3.155199999999999878e-06
4.330847000000000346e-06
-5.608867000000000351e-06
-8.347094999999999743e-07
2.664512999999999793e-06
1.621427999999999979e-06
-3.145241000000000046e-06
-4.714489000000000255e-06
-1.821169000000000020e-06
1.063473000000000041e-05
8.699969999999999308e-06
-3.779628000000000127e-06
-5.911709000000000119e-06
-6.026605000000000383e-06
-1.427361000000000072e-05
-3.880772999999999647e-06
3.986529000000000029e-06
-4.199670999999999622e-06
-3.859523999999999879e-06
5.085237999999999812e-06
-1.330388000000000094e-06
-1.035109999999999988e-05
-8.075928999999999365e-06
-3.153446000000000165e-06
-4.855502000000000408e-07
4.983099000000000382e-06
7.221218999999999674e-07
-4.048899000000000077e-06
-6.439685000000000161e-06
-1.030361999999999919e-06
9.907382000000000140e-06
2.475733000000000137e-06
-9.513939000000000526e-06
-5.522224999999999674e-07
-6.754225999999999934e-06
-4.843273000000000173e-06
-7.418532999999999637e-06
-7.236016000000000279e-06
-7.147446999999999773e-06
-1.057397999999999934e-05
3.853431000000000037e-06
-7.528000000000000176e-07
-1.801717000000000092e-06
-1.635453000000000027e-06
-2.546867000000000064e-07
1.729789000000000058e-06
-1.698509999999999981e-06
4.128280000000000224e-06
2.021125000000000067e-06
