-1.626438999999999923e-03
-1.617544000000000056e-03
-1.656682000000000033e-03
-1.668701999999999989e-03
-1.641199999999999994e-03
-1.614322000000000066e-03
-1.648556000000000023e-03
-1.676923999999999993e-03
-1.655671999999999960e-03
-1.620092000000000060e-03
-1.642545999999999937e-03
-1.678751000000000028e-03
-1.662450999999999903e-03
-1.624322999999999999e-03
-1.628506000000000051e-03
-1.666682999999999967e-03
-1.667548000000000034e-03
-1.625525000000000060e-03
-1.631728000000000041e-03
-1.658844999999999938e-03
-1.662980000000000100e-03
-1.635525999999999994e-03
-1.635911000000000092e-03
-1.661825999999999928e-03
-1.661298000000000072e-03
-1.631920000000000029e-03
-1.625813999999999948e-03
-1.656682000000000033e-03
-1.671105999999999894e-03
-1.637929999999999898e-03
-1.630574000000000086e-03
-1.656200999999999941e-03
-1.680049000000000082e-03
-1.651392999999999915e-03
-1.626342999999999929e-03
-1.648989000000000010e-03
-1.683222000000000060e-03
-1.659759000000000017e-03
-1.620909000000000022e-03
-1.634756999999999920e-03
-1.671153999999999999e-03
-1.662450999999999903e-03
-1.632785000000000096e-03
-1.632640999999999997e-03
-1.672260000000000066e-03
-1.677836999999999948e-03
-1.634948999999999908e-03
-1.620429000000000053e-03
-1.664085999999999951e-03
-1.672452000000000053e-03
-1.633747000000000064e-03
-1.621630999999999897e-03
-1.653027999999999963e-03
-1.669904000000000050e-03
-1.641391999999999981e-03
-1.619177999999999980e-03
-1.659902999999999899e-03
-1.683030000000000073e-03
-1.646488999999999895e-03
-1.623169000000000044e-03
-1.644517000000000071e-03
-1.682212999999999894e-03
-1.661682000000000046e-03
-1.621870999999999990e-03
-1.631728000000000041e-03
-1.671972000000000085e-03
-1.662595999999999909e-03
-1.619706999999999961e-03
-1.627689000000000089e-03
-1.665961000000000091e-03
-1.666298000000000085e-03
-1.626150000000000035e-03
-1.618698000000000012e-03
-1.656392999999999928e-03
-1.668605999999999995e-03
-1.626101999999999929e-03
-1.611533999999999970e-03
-1.648652000000000017e-03
-1.661825999999999928e-03
-1.630909999999999955e-03
-1.605043000000000008e-03
-1.636487999999999962e-03
-1.671058000000000005e-03
-1.647786999999999950e-03
-1.617254999999999951e-03
-1.632689000000000102e-03
-1.664181999999999944e-03
-1.658605000000000062e-03
-1.615476000000000021e-03
-1.626919000000000108e-03
-1.661970999999999934e-03
-1.658701000000000056e-03
-1.623649999999999920e-03
-1.630766000000000073e-03
-1.659469999999999912e-03
-1.663797999999999970e-03
-1.622256000000000089e-03
-1.610620000000000107e-03
-1.651441000000000020e-03
-1.656537999999999934e-03
-1.621487000000000015e-03
-1.608407999999999973e-03
-1.636775999999999943e-03
-1.662162999999999922e-03
-1.623986999999999913e-03
-1.601868999999999906e-03
-1.631967999999999917e-03
-1.669087000000000088e-03
-1.640334000000000019e-03
-1.613744999999999980e-03
-1.636536000000000067e-03
-1.663750000000000081e-03
-1.648074999999999931e-03
-1.616341999999999996e-03
-1.628698999999999945e-03
-1.662115000000000033e-03
-1.657884000000000094e-03
-1.615284000000000034e-03
-1.617736000000000044e-03
-1.648556000000000023e-03
-1.659710999999999912e-03
-1.637065000000000048e-03
-1.623073000000000050e-03
-1.651584999999999902e-03
-1.663317000000000094e-03
-1.630958000000000060e-03
-1.618985999999999993e-03
-1.645526999999999927e-03
-1.671972000000000085e-03
-1.635621999999999987e-03
-1.607254000000000018e-03
-1.634997000000000013e-03
-1.667787999999999909e-03
-1.642690000000000036e-03
-1.616533999999999983e-03
-1.640863000000000000e-03
-1.676827999999999999e-03
-1.661057000000000072e-03
-1.622062999999999977e-03
-1.622207999999999983e-03
-1.666345999999999973e-03
-1.658317000000000081e-03
-1.618841999999999894e-03
-1.623890000000000012e-03
-1.665576999999999900e-03
-1.671394000000000091e-03
-1.622832999999999958e-03
-1.619947999999999961e-03
-1.651633000000000007e-03
-1.674712000000000076e-03
-1.624082999999999907e-03
-1.608601000000000085e-03
-1.645430999999999934e-03
-1.656633999999999928e-03
-1.636150999999999968e-03
-1.605955999999999963e-03
-1.636391999999999968e-03
-1.668028999999999909e-03
-1.637112999999999936e-03
-1.611725999999999957e-03
-1.635574000000000099e-03
-1.670143999999999926e-03
-1.653844999999999925e-03
-1.616246000000000002e-03
-1.631824000000000035e-03
-1.666682999999999967e-03
-1.652882999999999956e-03
-1.619900000000000072e-03
-1.622687999999999952e-03
-1.655624000000000071e-03
-1.667403999999999935e-03
-1.612736000000000031e-03
-1.610523999999999897e-03
-1.651055999999999921e-03
-1.669230999999999970e-03
-1.631679999999999936e-03
-1.614610999999999954e-03
-1.644276999999999978e-03
-1.666633999999999954e-03
-1.634709000000000032e-03
-1.611725999999999957e-03
-1.640767000000000007e-03
-1.667548000000000034e-03
-1.636007000000000086e-03
-1.615621000000000028e-03
-1.629997000000000000e-03
-1.665143999999999912e-03
-1.650334999999999953e-03
-1.621150000000000022e-03
-1.636054999999999975e-03
-1.673222000000000034e-03
-1.655816000000000059e-03
-1.609706000000000027e-03
-1.609465999999999935e-03
-1.647545999999999950e-03
-1.668269000000000002e-03
-1.636487999999999962e-03
-1.628024999999999958e-03
-1.656104999999999947e-03
-1.668942999999999989e-03
-1.622736000000000057e-03
-1.605522999999999976e-03
-1.645142000000000045e-03
-1.678318000000000041e-03
-1.629804000000000105e-03
-1.606245000000000069e-03
-1.632881999999999997e-03
-1.665769000000000104e-03
-1.639276000000000058e-03
-1.604849999999999896e-03
-1.627399999999999984e-03
-1.671778999999999973e-03
-1.652353999999999976e-03
-1.625813999999999948e-03
-1.634084000000000057e-03
-1.668317000000000107e-03
-1.653844999999999925e-03
-1.613024000000000012e-03
-1.617975999999999919e-03
-1.657354999999999896e-03
-1.669326999999999964e-03
-1.632736999999999990e-03
-1.623698000000000025e-03
-1.657884000000000094e-03
-1.669712000000000062e-03
-1.627303999999999990e-03
-1.619177999999999980e-03
-1.647594000000000055e-03
-1.669471000000000063e-03
-1.645767000000000020e-03
-1.613215999999999999e-03
-1.636054999999999975e-03
-1.662354999999999909e-03
-1.644950000000000058e-03
-1.615188000000000040e-03
-1.639035999999999965e-03
-1.668797999999999983e-03
-1.651345000000000026e-03
-1.618312999999999913e-03
-1.630958000000000060e-03
-1.662980000000000100e-03
-1.662595999999999909e-03
-1.624708000000000098e-03
-1.617591999999999945e-03
-1.661394000000000065e-03
-1.671682999999999980e-03
-1.628794999999999939e-03
-1.622640000000000063e-03
-1.648507999999999918e-03
-1.672548999999999954e-03
-1.637978000000000003e-03
-1.620860999999999916e-03
-1.645959999999999914e-03
-1.665000000000000030e-03
-1.640958999999999994e-03
-1.621246000000000015e-03
-1.647065999999999981e-03
-1.668701999999999989e-03
-1.647306000000000074e-03
-1.616437999999999989e-03
-1.633122000000000089e-03
-1.673126000000000040e-03
-1.661057000000000072e-03
-1.632640999999999997e-03
-1.629997000000000000e-03
-1.667932999999999916e-03
-1.665769000000000104e-03
-1.620429000000000053e-03
-1.632063999999999911e-03
-1.676203000000000025e-03
-1.675962000000000025e-03
-1.628747000000000051e-03
-1.626391000000000035e-03
-1.652643000000000081e-03
-1.671249999999999993e-03
-1.633602999999999965e-03
-1.601147999999999938e-03
-1.633698999999999959e-03
-1.666923000000000059e-03
-1.645142000000000045e-03
-1.611870000000000056e-03
-1.635670000000000093e-03
-1.663077000000000001e-03
-1.632930000000000102e-03
-1.615092000000000047e-03
-1.640863000000000000e-03
-1.661249000000000059e-03
-1.641440000000000086e-03
-1.615572000000000015e-03
-1.623169000000000044e-03
-1.656825999999999915e-03
-1.668461999999999897e-03
-1.621583000000000009e-03
-1.624900000000000086e-03
-1.662740000000000008e-03
-1.672452000000000053e-03
-1.631438999999999936e-03
-1.622544000000000070e-03
-1.659806999999999906e-03
-1.663605000000000075e-03
-1.630380999999999974e-03
-1.619514999999999974e-03
-1.649229000000000103e-03
-1.657788000000000100e-03
-1.625958000000000047e-03
-1.608697000000000078e-03
-1.645767000000000020e-03
-1.669471000000000063e-03
-1.642833999999999918e-03
-1.614369999999999954e-03
-1.632159999999999904e-03
-1.669904000000000050e-03
-1.657884000000000094e-03
-1.621293999999999904e-03
-1.636728000000000054e-03
-1.668220999999999897e-03
-1.646728999999999988e-03
-1.623986999999999913e-03
-1.634564000000000026e-03
-1.656104999999999947e-03
-1.648074999999999931e-03
-1.631246999999999949e-03
-1.625188999999999974e-03
-1.655238999999999972e-03
-1.668461999999999897e-03
-1.632640999999999997e-03
-1.615139999999999935e-03
-1.646537000000000001e-03
-1.658844999999999938e-03
-1.629468000000000019e-03
-1.608503999999999967e-03
-1.636728000000000054e-03
-1.660336000000000103e-03
-1.638506999999999984e-03
-1.617399999999999958e-03
-1.626679000000000016e-03
-1.673510000000000015e-03
-1.656296999999999934e-03
-1.621342000000000009e-03
-1.632689000000000102e-03
-1.656104999999999947e-03
-1.643988000000000090e-03
-1.613552999999999992e-03
-1.619226999999999993e-03
-1.657498999999999995e-03
-1.664759000000000030e-03
-1.625043999999999968e-03
-1.609561999999999929e-03
-1.656057000000000059e-03
-1.674520000000000088e-03
-1.630092999999999993e-03
-1.605330999999999989e-03
-1.656249000000000046e-03
-1.654518000000000004e-03
-1.623986999999999913e-03
-1.609755000000000040e-03
-1.646537000000000001e-03
-1.684809000000000003e-03
-1.641344000000000093e-03
-1.604994999999999903e-03
-1.637257000000000035e-03
-1.673365999999999916e-03
-1.635958999999999981e-03
-1.614322000000000066e-03
-1.628361999999999952e-03
-1.664422999999999944e-03
-1.651584999999999902e-03
-1.627016000000000009e-03
-1.624082999999999907e-03
-1.670770000000000024e-03
-1.667981000000000021e-03
-1.640142000000000032e-03
-1.631391000000000048e-03
-1.634756999999999920e-03
-1.671058000000000005e-03
-1.636632000000000061e-03
-1.605379000000000094e-03
-1.656584999999999915e-03
-1.689905999999999917e-03
-1.649229000000000103e-03
-1.610763999999999989e-03
-1.652739000000000074e-03
-1.675049000000000069e-03
-1.638314999999999997e-03
-1.607734999999999893e-03
-1.649229000000000103e-03
-1.666537999999999960e-03
-1.660192000000000005e-03
-1.634468000000000032e-03
-1.644564999999999959e-03
-1.686683999999999926e-03
-1.661394000000000065e-03
-1.632112000000000016e-03
-1.638988000000000077e-03
-1.676346999999999907e-03
-1.674134999999999989e-03
-1.634660999999999927e-03
-1.624755999999999987e-03
-1.660816999999999979e-03
-1.686011000000000063e-03
-1.637690000000000022e-03
-1.619804000000000079e-03
-1.655767999999999953e-03
-1.691732999999999952e-03
-1.655528000000000078e-03
-1.624755999999999987e-03
-1.648844999999999911e-03
-1.682212999999999894e-03
-1.659855000000000011e-03
-1.620764999999999923e-03
-1.653748999999999931e-03
-1.698511999999999895e-03
-1.670047999999999932e-03
-1.630813999999999962e-03
-1.639756999999999933e-03
-1.673751000000000015e-03
-1.670433000000000031e-03
-1.646247999999999895e-03
-1.660239999999999893e-03
-1.696252000000000090e-03
-1.685962999999999958e-03
-1.649805999999999972e-03
-1.643027000000000029e-03
-1.672932999999999929e-03
-1.696781000000000070e-03
-1.651921999999999896e-03
-1.639901999999999940e-03
-1.690531000000000108e-03
-1.703609000000000026e-03
-1.655479999999999972e-03
-1.625043999999999968e-03
-1.656682000000000033e-03
-1.688992000000000054e-03
-1.664134000000000056e-03
-1.640381999999999908e-03
-1.659422000000000024e-03
-1.685866999999999965e-03
-1.686491999999999939e-03
-1.659134000000000043e-03
-1.656441000000000033e-03
-1.695146999999999930e-03
-1.687983000000000105e-03
-1.644084999999999991e-03
-1.640046000000000039e-03
-1.703464999999999927e-03
-1.718080999999999992e-03
-1.672693000000000053e-03
-1.640671000000000013e-03
-1.650720000000000052e-03
-1.701061000000000023e-03
-1.689664999999999917e-03
-1.633361999999999965e-03
-1.676203000000000025e-03
-1.724042999999999973e-03
-1.673991000000000107e-03
-1.651874000000000007e-03
-1.674424000000000095e-03
-1.700820000000000023e-03
-1.682981999999999968e-03
-1.661200999999999954e-03
-1.693222999999999994e-03
-1.714042999999999947e-03
-1.684953000000000102e-03
-1.634084000000000057e-03
-1.649325000000000097e-03
-1.713129000000000084e-03
-1.701637999999999892e-03
-1.661729999999999935e-03
-1.681107000000000044e-03
-1.698896999999999994e-03
-1.707023000000000004e-03
-1.661490000000000059e-03
-1.659469999999999912e-03
-1.711012999999999944e-03
-1.730727000000000047e-03
-1.685915000000000070e-03
-1.648556000000000023e-03
-1.678655000000000034e-03
-1.725245000000000034e-03
-1.671490999999999992e-03
-1.648893000000000017e-03
-1.682646000000000098e-03
-1.728850999999999999e-03
-1.705244000000000074e-03
-1.664230000000000050e-03
-1.664855999999999931e-03
-1.696493000000000089e-03
-1.699088999999999981e-03
-1.665480999999999906e-03
-1.672693000000000053e-03
-1.708127999999999947e-03
-1.703368000000000026e-03
-1.669422999999999957e-03
-1.659230000000000036e-03
-1.694329000000000061e-03
-1.708321000000000058e-03
-1.672115999999999967e-03
-1.655528000000000078e-03
-1.699282000000000093e-03
-1.710724999999999963e-03
-1.659759000000000017e-03
-1.641248000000000099e-03
-1.749719000000000057e-03
-1.763805999999999924e-03
-1.666153999999999986e-03
-1.634948999999999908e-03
-1.678269999999999935e-03
-1.692069000000000038e-03
-1.686540000000000044e-03
-1.655671999999999960e-03
-1.677115999999999980e-03
-1.710436000000000074e-03
-1.693704000000000086e-03
-1.649901999999999966e-03
-1.656921999999999909e-03
-1.710677000000000074e-03
-1.705244000000000074e-03
-1.664904000000000037e-03
-1.666827000000000066e-03
-1.717264000000000030e-03
-1.719620000000000046e-03
-1.674471999999999983e-03
-1.677115999999999980e-03
-1.711686000000000023e-03
-1.720629999999999903e-03
-1.697261999999999946e-03
-1.676250999999999913e-03
-1.686058999999999952e-03
-1.717119999999999931e-03
-1.674712000000000076e-03
-1.691589000000000070e-03
-1.713464999999999953e-03
-1.681491999999999926e-03
-1.722840999999999912e-03
-1.633361999999999965e-03
-1.652931000000000062e-03
-1.728081999999999925e-03
-1.688559999999999974e-03
-1.656537999999999934e-03
-1.680915000000000057e-03
-1.727601000000000050e-03
-1.708897999999999927e-03
-1.675913999999999919e-03
-1.677740999999999955e-03
-1.719955999999999915e-03
-1.727264999999999964e-03
-1.676635000000000104e-03
-1.679039000000000009e-03
-1.721110000000000088e-03
-1.728177999999999919e-03
-1.690819000000000089e-03
-1.689905999999999917e-03
-1.702984000000000052e-03
-1.732313000000000082e-03
-1.696348999999999991e-03
-1.696781000000000070e-03
-1.695916000000000003e-03
-1.709379000000000020e-03
-1.714716000000000027e-03
-1.679280000000000009e-03
-1.674375999999999989e-03
-1.718225999999999998e-03
-1.701204999999999905e-03
-1.676154999999999919e-03
-1.688943999999999949e-03
-1.704715000000000093e-03
-1.693319999999999895e-03
-1.696830000000000083e-03
-1.681924000000000006e-03
-1.723034000000000024e-03
-1.742747000000000003e-03
-1.676395000000000012e-03
-1.658219999999999963e-03
-1.716206000000000068e-03
-1.730533999999999935e-03
-1.705628000000000049e-03
-1.674230999999999983e-03
-1.708127999999999947e-03
-1.757459999999999968e-03
-1.699378000000000086e-03
-1.667019000000000053e-03
-1.701349000000000004e-03
-1.733755999999999926e-03
-1.691973000000000045e-03
-1.653844999999999925e-03
-1.706204999999999918e-03
-1.754766999999999959e-03
-1.718850999999999973e-03
-1.674663999999999970e-03
-1.684953000000000102e-03
-1.720965999999999989e-03
-1.728371000000000031e-03
-1.673077000000000028e-03
-1.685770999999999971e-03
-1.724042999999999973e-03
-1.745968000000000086e-03
-1.689135999999999936e-03
-1.674134999999999989e-03
-1.728706999999999900e-03
-1.752122999999999962e-03
-1.702502999999999959e-03
-1.672548999999999954e-03
-1.709618999999999896e-03
-1.731303999999999916e-03
-1.695963999999999892e-03
-1.698415999999999901e-03
-1.708368999999999947e-03
-1.729091999999999999e-03
-1.711157999999999950e-03
-1.684713000000000009e-03
-1.695483000000000016e-03
-1.738130999999999964e-03
-1.701877999999999985e-03
-1.654518000000000004e-03
-1.684184000000000028e-03
-1.743179999999999990e-03
-1.707551999999999985e-03
-1.688751999999999961e-03
-1.704811000000000087e-03
-1.743757000000000076e-03
-1.730870999999999929e-03
-1.680529999999999958e-03
-1.695626999999999898e-03
-1.733226999999999945e-03
-1.749719000000000057e-03
-1.705340000000000068e-03
-1.667548000000000034e-03
-1.696540999999999978e-03
-1.751160999999999994e-03
-1.710436000000000074e-03
-1.681683999999999913e-03
-1.688847999999999955e-03
-1.759864000000000090e-03
-1.718705999999999966e-03
-1.676395000000000012e-03
-1.701444999999999997e-03
-1.729573000000000091e-03
-1.705869000000000048e-03
-1.660336000000000103e-03
-1.682212999999999894e-03
-1.719667999999999934e-03
-1.731832999999999897e-03
-1.683847999999999942e-03
-1.724667999999999948e-03
-1.721639000000000069e-03
-1.730631000000000053e-03
-1.679761000000000101e-03
-1.672789000000000047e-03
-1.722456999999999938e-03
-1.732168999999999983e-03
-1.717264000000000030e-03
-1.696732999999999965e-03
-1.702167000000000090e-03
-1.728322000000000018e-03
-1.704811000000000087e-03
-1.683702999999999936e-03
-1.698560000000000000e-03
-1.741977999999999929e-03
-1.715485000000000100e-03
-1.687308999999999901e-03
-1.687838000000000099e-03
-1.742073999999999923e-03
-1.711782999999999924e-03
-1.681587999999999920e-03
-1.706445999999999918e-03
-1.740919999999999968e-03
-1.725966999999999909e-03
-1.669471000000000063e-03
-1.662115000000000033e-03
-1.738467999999999958e-03
-1.741928999999999917e-03
-1.696540999999999978e-03
-1.687983000000000105e-03
-1.728755000000000005e-03
-1.718370000000000097e-03
-1.708176999999999959e-03
-1.685674999999999977e-03
-1.712166999999999899e-03
-1.738563999999999951e-03
-1.706204999999999918e-03
-1.678365999999999929e-03
-1.712984999999999985e-03
-1.720053000000000033e-03
-1.729091999999999999e-03
-1.702069999999999972e-03
-1.705869000000000048e-03
-1.735149999999999974e-03
-1.696156000000000096e-03
-1.665961000000000091e-03
-1.683367000000000066e-03
-1.731352000000000021e-03
-1.718417999999999985e-03
-1.702935999999999946e-03
-1.694472999999999943e-03
-1.709281999999999902e-03
-1.735102000000000085e-03
-1.708176999999999959e-03
-1.677164000000000085e-03
-1.718225999999999998e-03
-1.743371999999999977e-03
-1.708031999999999953e-03
-1.681732000000000019e-03
-1.710820999999999956e-03
-1.757171000000000080e-03
-1.715148000000000107e-03
-1.679663999999999983e-03
-1.724283999999999973e-03
-1.743467999999999971e-03
-1.733900000000000025e-03
-1.695146999999999930e-03
-1.708031999999999953e-03
-1.725149000000000040e-03
-1.692261999999999933e-03
-1.669951999999999938e-03
-1.688126999999999987e-03
-1.726543999999999995e-03
-1.725245000000000034e-03
-1.680290000000000082e-03
-1.659663000000000024e-03
-1.735919000000000047e-03
-1.723754999999999992e-03
-1.710532999999999975e-03
-1.681203000000000038e-03
-1.728802999999999894e-03
-1.749719000000000057e-03
-1.703080000000000045e-03
-1.680241000000000070e-03
-1.712360000000000011e-03
-1.767605000000000001e-03
-1.692839000000000019e-03
-1.634372000000000038e-03
-1.726447000000000094e-03
-1.726543999999999995e-03
-1.710581000000000081e-03
-1.682838000000000086e-03
-1.685433999999999977e-03
-1.733371000000000044e-03
-1.718995000000000072e-03
-1.696397000000000096e-03
-1.700963999999999905e-03
-1.726927999999999970e-03
-1.728659000000000012e-03
-1.685241999999999990e-03
-1.684904999999999996e-03
-1.704570000000000087e-03
-1.743228000000000095e-03
-1.709426999999999908e-03
-1.691444000000000064e-03
-1.724475999999999960e-03
-1.738226999999999958e-03
-1.697310000000000051e-03
-1.702118000000000077e-03
-1.715581000000000094e-03
-1.734957999999999986e-03
-1.705675999999999937e-03
-1.691156000000000083e-03
-1.720774000000000001e-03
-1.747267000000000048e-03
-1.692982999999999901e-03
-1.677644999999999961e-03
-1.701204999999999905e-03
-1.732697999999999964e-03
-1.756449999999999895e-03
-1.701637999999999892e-03
-1.688704000000000073e-03
-1.743324000000000089e-03
-1.734092000000000012e-03
-1.697694999999999933e-03
-1.663077000000000001e-03
-1.702888000000000058e-03
-1.741448999999999948e-03
-1.703319999999999921e-03
-1.679616000000000095e-03
-1.730870999999999929e-03
-1.741736999999999929e-03
-1.687742000000000105e-03
-1.684039999999999929e-03
-1.723803000000000097e-03
-1.726592000000000101e-03
-1.708031999999999953e-03
-1.688271000000000086e-03
-1.706686000000000010e-03
-1.737024999999999897e-03
-1.716735000000000049e-03
-1.708560999999999934e-03
-1.700675999999999924e-03
-1.708368999999999947e-03
-1.727360999999999957e-03
-1.681011000000000050e-03
-1.682405000000000098e-03
-1.727072999999999976e-03
-1.732938000000000056e-03
-1.697453999999999933e-03
-1.695146999999999930e-03
-1.721110000000000088e-03
-1.729812999999999967e-03
-1.692743000000000025e-03
-1.681828000000000012e-03
-1.717889000000000005e-03
-1.740535000000000086e-03
-1.701300999999999898e-03
-1.698464000000000007e-03
-1.729332000000000091e-03
-1.735486999999999967e-03
-1.728850999999999999e-03
-1.687502000000000012e-03
-1.684521000000000022e-03
-1.753757000000000102e-03
-1.761161999999999927e-03
-1.701108999999999911e-03
-1.683175000000000079e-03
-1.758133000000000048e-03
-1.736736999999999916e-03
-1.659326000000000030e-03
-1.672356000000000060e-03
-1.736881000000000015e-03
-1.758613999999999924e-03
-1.679567999999999990e-03
-1.693416000000000105e-03
-1.718033000000000103e-03
-1.746881999999999949e-03
-1.682165000000000006e-03
-1.676827999999999999e-03
-1.714283000000000039e-03
-1.750344000000000032e-03
-1.701396999999999892e-03
-1.675578000000000050e-03
-1.705195999999999969e-03
-1.738467999999999958e-03
-1.701926000000000090e-03
-1.700916000000000016e-03
-1.677405000000000085e-03
-1.728563000000000018e-03
-1.725629999999999916e-03
-1.676058000000000018e-03
-1.695483000000000016e-03
-1.727119999999999957e-03
-1.735390999999999974e-03
-1.675962000000000025e-03
-1.690674999999999990e-03
-1.724571999999999954e-03
-1.695530999999999905e-03
-1.677836999999999948e-03
-1.666682999999999967e-03
-1.748757000000000089e-03
-1.707167000000000103e-03
-1.651777000000000106e-03
-1.686252000000000063e-03
-1.734814000000000104e-03
-1.747073999999999936e-03
-1.699666000000000067e-03
-1.664375000000000056e-03
-1.703080000000000045e-03
-1.748035999999999904e-03
-1.717407999999999912e-03
-1.695675000000000003e-03
-1.717023999999999937e-03
-1.716590999999999950e-03
-1.711639000000000042e-03
-1.678414000000000034e-03
-1.712696000000000097e-03
-1.721255000000000094e-03
-1.719138999999999954e-03
-1.693800000000000080e-03
-1.692069000000000038e-03
-1.721880000000000068e-03
-1.736593000000000034e-03
-1.689039999999999942e-03
-1.670770000000000024e-03
-1.712792000000000090e-03
-1.753372999999999911e-03
-1.713801999999999947e-03
-1.650624000000000058e-03
-1.745342999999999895e-03
-1.781355999999999998e-03
-1.680049000000000082e-03
-1.682116999999999900e-03
-1.709858999999999988e-03
-1.727119999999999957e-03
-1.701973999999999978e-03
-1.673222000000000034e-03
-1.715292999999999896e-03
-1.768086000000000093e-03
-1.730774999999999935e-03
-1.662931999999999995e-03
-1.715148000000000107e-03
-1.772221000000000039e-03
-1.720149000000000027e-03
-1.683510999999999948e-03
-1.715100000000000001e-03
-1.742361999999999904e-03
-1.728563000000000018e-03
-1.689521000000000035e-03
-1.683414999999999955e-03
-1.717119999999999931e-03
-1.737842999999999983e-03
-1.705291999999999962e-03
-1.672452000000000053e-03
-1.734188000000000006e-03
-1.749815000000000051e-03
-1.717072000000000043e-03
-1.687116999999999914e-03
-1.708897999999999927e-03
-1.753854000000000003e-03
-1.717936999999999893e-03
-1.692790999999999914e-03
-1.712600000000000103e-03
-1.738708000000000050e-03
-1.688222999999999981e-03
-1.702598999999999953e-03
-1.697743000000000039e-03
-1.731976999999999996e-03
-1.730727000000000047e-03
-1.668893999999999976e-03
-1.691203999999999971e-03
-1.769240000000000049e-03
-1.741881000000000028e-03
-1.697214000000000058e-03
-1.641104000000000000e-03
-1.721110000000000088e-03
-1.759960000000000083e-03
-1.699617999999999962e-03
-1.672548999999999954e-03
-1.732458000000000088e-03
-1.741977999999999929e-03
-1.728659000000000012e-03
-1.693512000000000099e-03
-1.695820000000000010e-03
-1.753660999999999892e-03
-1.733418999999999932e-03
-1.679567999999999990e-03
-1.698223999999999914e-03
-1.748035999999999904e-03
-1.715051999999999896e-03
-1.683367000000000066e-03
-1.713562000000000071e-03
-1.739429000000000019e-03
-1.744670000000000032e-03
-1.696011999999999997e-03
-1.713658000000000065e-03
-1.744188999999999939e-03
-1.734429000000000005e-03
-1.695291000000000029e-03
-1.670143999999999926e-03
-1.734669000000000098e-03
-1.739141000000000038e-03
-1.699617999999999962e-03
-1.728467000000000024e-03
-1.723466000000000104e-03
-1.730919000000000034e-03
-1.712551999999999998e-03
-1.679280000000000009e-03
-1.696877999999999971e-03
-1.774769000000000043e-03
-1.720053000000000033e-03
-1.695626999999999898e-03
-1.702263000000000083e-03
-1.750487999999999914e-03
-1.705146999999999956e-03
-1.684617000000000015e-03
-1.709281999999999902e-03
-1.738900000000000038e-03
-1.741064000000000066e-03
-1.710052000000000100e-03
-1.701012999999999917e-03
-1.730774999999999935e-03
-1.736111999999999942e-03
-1.703176000000000039e-03
-1.677164000000000085e-03
-1.711012999999999944e-03
-1.745150999999999907e-03
-1.685433999999999977e-03
-1.694858000000000042e-03
-1.714475000000000027e-03
-1.726302999999999995e-03
-1.749670999999999952e-03
-1.710677000000000074e-03
-1.700436000000000048e-03
-1.741305000000000066e-03
-1.737121000000000108e-03
-1.701926000000000090e-03
-1.733755999999999926e-03
-1.764238999999999911e-03
-1.725870999999999916e-03
-1.665576999999999900e-03
-1.687645999999999894e-03
-1.752363000000000054e-03
-1.770297000000000103e-03
-1.667932999999999916e-03
-1.715581000000000094e-03
-1.736160000000000047e-03
-1.718995000000000072e-03
-1.713658000000000065e-03
-1.690964000000000095e-03
-1.735919000000000047e-03
-1.740247000000000105e-03
-1.699809999999999949e-03
-1.689184999999999949e-03
-1.730149999999999961e-03
-1.746977999999999942e-03
-1.716302000000000062e-03
-1.695434999999999911e-03
-1.728802999999999894e-03
-1.751065000000000000e-03
-1.731591999999999897e-03
-1.691828999999999946e-03
-1.688463000000000073e-03
-1.751016999999999895e-03
-1.687885999999999987e-03
-1.680962999999999945e-03
-1.706157000000000029e-03
-1.740582999999999974e-03
-1.748035999999999904e-03
-1.708513000000000046e-03
-1.716206000000000068e-03
-1.748035999999999904e-03
-1.736495999999999916e-03
-1.685915000000000070e-03
-1.695530999999999905e-03
-1.747073999999999936e-03
-1.747747000000000016e-03
-1.732554000000000082e-03
-1.687212999999999907e-03
-1.696732999999999965e-03
-1.734765000000000092e-03
-1.687212999999999907e-03
-1.673126000000000040e-03
-1.700436000000000048e-03
-1.754911999999999965e-03
-1.734476999999999894e-03
-1.698127999999999920e-03
-1.716398999999999963e-03
-1.730582000000000040e-03
-1.739045000000000044e-03
-1.690050000000000016e-03
-1.728130000000000031e-03
-1.683222000000000060e-03
-1.714187000000000046e-03
-1.673894999999999897e-03
-1.708368999999999947e-03
-1.765632999999999959e-03
-1.723177999999999906e-03
-1.690483000000000003e-03
-1.723417999999999999e-03
-1.729524999999999986e-03
-1.757314999999999962e-03
-1.728850999999999999e-03
-1.683367000000000066e-03
-1.716782999999999938e-03
-1.728467000000000024e-03
-1.696973999999999965e-03
-1.688896000000000060e-03
-1.717023999999999937e-03
-1.759960000000000083e-03
-1.709281999999999902e-03
-1.689376999999999936e-03
-1.689376999999999936e-03
-1.761210000000000032e-03
-1.743612000000000070e-03
-1.705244000000000074e-03
-1.673269999999999922e-03
-1.773182000000000100e-03
-1.734476999999999894e-03
-1.706445999999999918e-03
-1.701540999999999991e-03
-1.721880000000000068e-03
-1.731976999999999996e-03
-1.687502000000000012e-03
-1.688800000000000067e-03
-1.752843999999999930e-03
-1.764191000000000023e-03
-1.687357999999999913e-03
-1.674230999999999983e-03
-1.725725999999999909e-03
-1.766451000000000045e-03
-1.711061000000000049e-03
-1.697357999999999940e-03
-1.712743999999999985e-03
-1.759527000000000096e-03
-1.733659999999999932e-03
-1.667019000000000053e-03
-1.702069999999999972e-03
-1.751352999999999981e-03
-1.738179000000000069e-03
-1.713417000000000065e-03
-1.680241000000000070e-03
-1.721351000000000088e-03
-1.741736999999999929e-03
-1.701204999999999905e-03
-1.703560999999999921e-03
-1.728947999999999900e-03
-1.735341999999999961e-03
-1.712360000000000011e-03
-1.710820999999999956e-03
-1.725966999999999909e-03
-1.739380999999999913e-03
-1.690723000000000096e-03
-1.679663999999999983e-03
-1.753998000000000102e-03
-1.725390000000000040e-03
-1.699329999999999981e-03
-1.702598999999999953e-03
-1.706494000000000023e-03
-1.741064000000000066e-03
-1.716543000000000062e-03
-1.670866000000000018e-03
-1.712503999999999893e-03
-1.730149999999999961e-03
-1.745632000000000000e-03
-1.705532000000000055e-03
-1.677981999999999954e-03
-1.750632000000000013e-03
-1.735774999999999948e-03
-1.677164000000000085e-03
-1.712503999999999893e-03
-1.730727000000000047e-03
-1.760056000000000077e-03
-1.725582000000000027e-03
-1.672019999999999973e-03
-1.722311999999999932e-03
-1.737697999999999977e-03
-1.701300999999999898e-03
-1.701349000000000004e-03
-1.711302000000000049e-03
-1.759238999999999898e-03
-1.719716000000000040e-03
-1.675625999999999938e-03
-1.710244000000000087e-03
-1.738947999999999926e-03
-1.750248000000000038e-03
-1.727842000000000050e-03
-1.713368999999999960e-03
-1.739909999999999894e-03
-1.722119999999999944e-03
-1.690483000000000003e-03
-1.712600000000000103e-03
-1.752459000000000048e-03
-1.734524999999999999e-03
-1.699137000000000087e-03
-1.678318000000000041e-03
-1.750248000000000038e-03
-1.719091000000000065e-03
-1.719571999999999941e-03
-1.695675000000000003e-03
-1.734765000000000092e-03
-1.761882999999999895e-03
-1.706733999999999899e-03
-1.708609000000000039e-03
-1.729716999999999973e-03
-1.745199000000000012e-03
-1.692406000000000032e-03
-1.694376999999999949e-03
-1.733034000000000050e-03
-1.725341999999999935e-03
-1.738659999999999945e-03
-1.695146999999999930e-03
-1.730774999999999935e-03
-1.727746000000000056e-03
-1.708609000000000039e-03
-1.728514999999999913e-03
-1.716927000000000036e-03
-1.746544999999999955e-03
-1.730582000000000040e-03
-1.725053000000000046e-03
-1.730966999999999922e-03
-1.738708000000000050e-03
-1.709956000000000106e-03
-1.678559000000000041e-03
-1.696397000000000096e-03
-1.745536000000000006e-03
-1.771402999999999953e-03
-1.741352000000000047e-03
-1.697261999999999946e-03
-1.710340000000000081e-03
-1.737938999999999977e-03
-1.716686999999999944e-03
-1.684568999999999910e-03
-1.711110000000000061e-03
-1.774287999999999950e-03
-1.734237000000000018e-03
-1.687116999999999914e-03
-1.734139999999999900e-03
-1.730004999999999954e-03
-1.729812999999999967e-03
-1.695771999999999904e-03
-1.691299999999999965e-03
-1.757314999999999962e-03
-1.747314999999999936e-03
-1.740823999999999974e-03
-1.738420000000000069e-03
-1.773086000000000106e-03
-1.756979000000000093e-03
-1.725725999999999909e-03
-1.677309000000000092e-03
-1.723226000000000011e-03
-1.774287999999999950e-03
-1.721159000000000100e-03
-1.687983000000000105e-03
-1.743612000000000070e-03
-1.745872000000000092e-03
-1.703272000000000033e-03
-1.690866999999999978e-03
-1.719955999999999915e-03
-1.780249999999999931e-03
-1.703705000000000020e-03
-1.671778999999999973e-03
-1.755873000000000026e-03
-1.779336999999999976e-03
-1.731976999999999996e-03
-1.739670000000000018e-03
-1.713658000000000065e-03
-1.707888000000000071e-03
-1.744621999999999926e-03
-1.705965000000000042e-03
-1.694233000000000067e-03
-1.768133999999999982e-03
-1.801983000000000057e-03
-1.668269000000000002e-03
-1.672307999999999954e-03
-1.739621999999999913e-03
-1.744958999999999920e-03
-1.722072000000000056e-03
-1.713658000000000065e-03
-1.740006000000000105e-03
-1.744717999999999920e-03
-1.679808999999999990e-03
-1.691395999999999959e-03
-1.722311999999999932e-03
-1.763662000000000042e-03
-1.731832999999999897e-03
-1.683222000000000060e-03
-1.732554000000000082e-03
-1.778615000000000100e-03
-1.708417000000000052e-03
-1.692743000000000025e-03
-1.707792000000000077e-03
-1.762459999999999982e-03
-1.747410999999999930e-03
-1.680915000000000057e-03
-1.699233999999999987e-03
-1.760344000000000058e-03
-1.723322000000000005e-03
-1.727119999999999957e-03
-1.728947999999999900e-03
-1.758950000000000010e-03
-1.751642000000000086e-03
-1.703223999999999927e-03
-1.694521999999999955e-03
-1.735870999999999942e-03
-1.801358000000000082e-03
-1.765105000000000103e-03
-1.658509000000000068e-03
-1.677501000000000079e-03
-1.744670000000000032e-03
-1.748084000000000009e-03
-1.661298000000000072e-03
-1.718129000000000097e-03
-1.744478000000000044e-03
-1.714763999999999915e-03
-1.705579999999999943e-03
-1.718274000000000103e-03
-1.773615000000000087e-03
-1.724812999999999954e-03
-1.660912999999999973e-03
-1.742457999999999898e-03
-1.777029000000000065e-03
-1.758133000000000048e-03
-1.698560000000000000e-03
-1.722360000000000037e-03
-1.734573000000000104e-03
-1.743034999999999984e-03
-1.729043999999999894e-03
-1.720149000000000027e-03
-1.764960000000000096e-03
-1.723081999999999912e-03
-1.680290000000000082e-03
-1.692069000000000038e-03
-1.730533999999999935e-03
-1.769865000000000023e-03
-1.711974999999999912e-03
-1.669326999999999964e-03
-1.730341999999999948e-03
-1.743853000000000070e-03
-1.735870999999999942e-03
-1.700483999999999937e-03
-1.705387999999999956e-03
-1.767556999999999896e-03
-1.770922000000000078e-03
-1.705579999999999943e-03
-1.714042999999999947e-03
-1.743757000000000076e-03
-1.737409999999999996e-03
-1.705195999999999969e-03
-1.732072999999999989e-03
-1.745680000000000105e-03
-1.731062999999999916e-03
-1.722793000000000024e-03
-1.719330999999999941e-03
-1.728610999999999906e-03
-1.743757000000000076e-03
-1.715724999999999976e-03
-1.712456000000000004e-03
-1.699425999999999975e-03
-1.748853000000000083e-03
-1.728850999999999999e-03
-1.668414000000000008e-03
-1.710820999999999956e-03
-1.794096999999999923e-03
-1.690819000000000089e-03
-1.673751000000000015e-03
-1.739284999999999920e-03
-1.785202000000000056e-03
-1.705820999999999943e-03
-1.678222000000000047e-03
-1.730533999999999935e-03
-1.747794999999999904e-03
-1.725390000000000040e-03
-1.712551999999999998e-03
-1.729140000000000104e-03
-1.723417999999999999e-03
-1.743659999999999958e-03
-1.714618999999999909e-03
-1.691540999999999965e-03
-1.725341999999999935e-03
-1.751016999999999895e-03
-1.717072000000000043e-03
-1.705436000000000061e-03
-1.755007999999999959e-03
-1.751450000000000099e-03
-1.728081999999999925e-03
-1.688655999999999968e-03
-1.738130999999999964e-03
-1.719812000000000033e-03
-1.742218000000000022e-03
-1.679904999999999983e-03
-1.695867999999999898e-03
-1.765007999999999985e-03
-1.741207999999999948e-03
-1.710340000000000081e-03
-1.716447000000000068e-03
-1.747555000000000028e-03
-1.775298000000000024e-03
-1.708801999999999934e-03
-1.696589000000000083e-03
-1.726062999999999903e-03
-1.750487999999999914e-03
-1.717264000000000030e-03
-1.727409000000000062e-03
-1.748900999999999971e-03
-1.748275999999999997e-03
-1.717023999999999937e-03
-1.687069000000000025e-03
-1.701637999999999892e-03
-1.752171000000000067e-03
-1.744429999999999939e-03
-1.722985999999999919e-03
-1.730774999999999935e-03
-1.759046000000000004e-03
-1.757555999999999962e-03
-1.695626999999999898e-03
-1.746640999999999949e-03
-1.753180000000000016e-03
-1.741207999999999948e-03
-1.713129000000000084e-03
-1.739284999999999920e-03
-1.758084999999999943e-03
-1.739574000000000025e-03
-1.694088999999999968e-03
-1.727842000000000050e-03
-1.771114999999999972e-03
-1.762845000000000080e-03
-1.719859999999999922e-03
-1.703464999999999927e-03
-1.696301000000000102e-03
-1.812704999999999959e-03
-1.744188999999999939e-03
-1.700916000000000016e-03
-1.740727000000000073e-03
-1.741785000000000035e-03
-1.755873000000000026e-03
-1.706157000000000029e-03
-1.707935999999999959e-03
-1.761018000000000045e-03
-1.744237000000000044e-03
-1.697839000000000032e-03
-1.742891000000000102e-03
-1.758372999999999924e-03
-1.756498000000000000e-03
-1.695050000000000029e-03
-1.710820999999999956e-03
-1.730390000000000053e-03
-1.771306999999999960e-03
-1.728802999999999894e-03
-1.728371000000000031e-03
-1.758372999999999924e-03
-1.786501000000000018e-03
-1.707455000000000084e-03
-1.695338999999999917e-03
-1.734237000000000018e-03
-1.772701000000000008e-03
-1.734237000000000018e-03
-1.705916999999999937e-03
-1.739380999999999913e-03
-1.755583999999999921e-03
-1.714187000000000046e-03
-1.703560999999999921e-03
-1.739188999999999926e-03
-1.767796999999999988e-03
-1.728177999999999919e-03
-1.726302999999999995e-03
-1.738851999999999932e-03
-1.751209000000000099e-03
-1.754527000000000083e-03
-1.712696000000000097e-03
-1.714042999999999947e-03
-1.760777000000000045e-03
-1.746401000000000073e-03
-1.711302000000000049e-03
-1.746544999999999955e-03
-1.721639000000000069e-03
-1.762508000000000087e-03
-1.742410000000000009e-03
-1.717311999999999918e-03
-1.746977999999999942e-03
-1.764528000000000017e-03
-1.722601000000000037e-03
-1.721494999999999970e-03
-1.736303999999999929e-03
-1.748324000000000102e-03
-1.735535000000000072e-03
-1.727601000000000050e-03
-1.733659999999999932e-03
-1.748228000000000108e-03
-1.711494000000000036e-03
-1.686877000000000038e-03
-1.772076000000000033e-03
-1.763950999999999930e-03
-1.746256999999999974e-03
-1.722793000000000024e-03
-1.719234999999999947e-03
-1.751209000000000099e-03
-1.777125000000000059e-03
-1.722215999999999938e-03
-1.710436000000000074e-03
-1.740150999999999894e-03
-1.753901999999999892e-03
-1.724236000000000085e-03
-1.716782999999999938e-03
-1.755536000000000032e-03
-1.758854000000000016e-03
-1.699762000000000061e-03
-1.721351000000000088e-03
-1.752700000000000048e-03
-1.769479999999999924e-03
-1.733467000000000037e-03
-1.689088000000000048e-03
-1.741832999999999923e-03
-1.801454000000000076e-03
-1.725196999999999928e-03
-1.696973999999999965e-03
-1.717503999999999906e-03
-1.735053999999999980e-03
-1.741111999999999955e-03
-1.716927000000000036e-03
-1.733179000000000056e-03
-1.755056000000000064e-03
-1.758613999999999924e-03
-1.731256000000000028e-03
-1.714618999999999909e-03
-1.735341999999999961e-03
-1.741497000000000054e-03
-1.720149000000000027e-03
-1.693704000000000086e-03
-1.765489000000000077e-03
-1.743853000000000070e-03
-1.742506999999999910e-03
-1.717840999999999899e-03
-1.754719000000000070e-03
-1.789337000000000002e-03
-1.739909999999999894e-03
-1.698415999999999901e-03
-1.752602999999999930e-03
-1.770969999999999966e-03
-1.732313000000000082e-03
-1.718946999999999966e-03
-1.712792000000000090e-03
-1.755920999999999914e-03
-1.755344000000000045e-03
-1.709042000000000026e-03
-1.697982999999999914e-03
-1.736544000000000022e-03
-1.807463999999999946e-03
-1.723177999999999906e-03
-1.690242000000000003e-03
-1.737650000000000089e-03
-1.752410999999999943e-03
-1.733610999999999919e-03
-1.702551000000000064e-03
-1.745680000000000105e-03
-1.763566000000000049e-03
-1.731015000000000028e-03
-1.696252000000000090e-03
-1.740390999999999987e-03
-1.782942999999999941e-03
-1.743853000000000070e-03
-1.720822000000000107e-03
-1.732409000000000076e-03
-1.771018000000000071e-03
-1.735486999999999967e-03
-1.686732000000000032e-03
-1.751497999999999987e-03
-1.791309000000000044e-03
-1.720292999999999909e-03
-1.705291999999999962e-03
-1.728947999999999900e-03
-1.740727000000000073e-03
-1.751977999999999955e-03
-1.707647999999999978e-03
-1.746209000000000086e-03
-1.760585000000000058e-03
-1.773038000000000001e-03
-1.732697999999999964e-03
-1.725292999999999922e-03
-1.753949999999999997e-03
-1.771163000000000078e-03
-1.746497000000000067e-03
-1.708560999999999934e-03
-1.730486000000000047e-03
-1.771980000000000039e-03
-1.738130999999999964e-03
-1.723899000000000091e-03
-1.761353999999999915e-03
-1.769336000000000042e-03
-1.727119999999999957e-03
-1.692982999999999901e-03
-1.741207999999999948e-03
-1.761545999999999902e-03
-1.773278000000000094e-03
-1.729524999999999986e-03
-1.732601999999999970e-03
-1.768229999999999975e-03
-1.772893999999999902e-03
-1.710869000000000062e-03
-1.721880000000000068e-03
-1.755295999999999940e-03
-1.726784000000000088e-03
-1.706877999999999998e-03
-1.727746000000000056e-03
-1.772221000000000039e-03
-1.776788000000000065e-03
-1.728706999999999900e-03
-1.710340000000000081e-03
-1.762508000000000087e-03
-1.769144000000000055e-03
-1.746977999999999942e-03
-1.703944999999999895e-03
-1.732697999999999964e-03
-1.757412000000000080e-03
-1.712215000000000004e-03
-1.708754000000000045e-03
-1.727601000000000050e-03
-1.774528999999999950e-03
-1.737362000000000108e-03
-1.744478000000000044e-03
-1.734092000000000012e-03
-1.736495999999999916e-03
-1.760297000000000077e-03
-1.723899000000000091e-03
-1.716831000000000043e-03
-1.762412000000000093e-03
-1.747314999999999936e-03
-1.724908999999999948e-03
-1.736160000000000047e-03
-1.766161999999999940e-03
-1.750103000000000032e-03
-1.722793000000000024e-03
-1.715869999999999982e-03
-1.744525999999999933e-03
-1.767509000000000007e-03
-1.728322000000000018e-03
-1.683606999999999942e-03
-1.765585000000000071e-03
-1.819532000000000007e-03
-1.691444000000000064e-03
-1.705820999999999943e-03
-1.737746000000000082e-03
-1.771114999999999972e-03
-1.746544999999999955e-03
-1.681587999999999920e-03
-1.736207999999999935e-03
-1.763421999999999950e-03
-1.752939999999999924e-03
-1.716878999999999931e-03
-1.718850999999999973e-03
-1.762026999999999994e-03
-1.778712000000000001e-03
-1.757075000000000086e-03
-1.716206000000000068e-03
-1.754045999999999991e-03
-1.775971000000000103e-03
-1.735102000000000085e-03
-1.716590999999999950e-03
-1.753276999999999917e-03
-1.778519000000000107e-03
-1.764911999999999991e-03
-1.713705999999999953e-03
-1.731976999999999996e-03
-1.791260999999999938e-03
-1.753084000000000022e-03
-1.717744999999999906e-03
-1.742651000000000009e-03
-1.746305000000000079e-03
-1.745439000000000105e-03
-1.714763999999999915e-03
-1.736160000000000047e-03
-1.787991000000000059e-03
-1.756161000000000007e-03
-1.728130000000000031e-03
-1.726207000000000002e-03
-1.731207000000000015e-03
-1.769912999999999912e-03
-1.742554000000000108e-03
-1.720292999999999909e-03
-1.753854000000000003e-03
-1.773566999999999982e-03
-1.732458000000000088e-03
-1.700146999999999943e-03
-1.768711000000000068e-03
-1.816647000000000010e-03
-1.753805999999999898e-03
-1.731976999999999996e-03
-1.744911000000000031e-03
-1.790347000000000076e-03
-1.756449999999999895e-03
-1.706590000000000017e-03
-1.737073000000000002e-03
-1.773133999999999995e-03
-1.744958999999999920e-03
-1.705869000000000048e-03
-1.769767999999999905e-03
-1.753998000000000102e-03
-1.760297000000000077e-03
-1.729669000000000085e-03
-1.727648999999999938e-03
-1.771163000000000078e-03
-1.825157999999999902e-03
-1.736928999999999904e-03
-1.725437999999999928e-03
-1.748371999999999990e-03
-1.776404000000000091e-03
-1.768566000000000062e-03
-1.755391999999999933e-03
-1.755391999999999933e-03
-1.760728999999999940e-03
-1.726111000000000008e-03
-1.748516999999999997e-03
-1.762267999999999994e-03
-1.789865999999999983e-03
-1.771259000000000071e-03
-1.719524000000000052e-03
-1.767749000000000100e-03
-1.771835999999999941e-03
-1.745199000000000012e-03
-1.720869999999999995e-03
-1.749382000000000064e-03
-1.789049000000000021e-03
-1.768999000000000049e-03
-1.739909999999999894e-03
-1.753468999999999904e-03
-1.759719999999999991e-03
-1.777364999999999935e-03
-1.742314000000000015e-03
-1.741689000000000041e-03
-1.785682999999999932e-03
-1.815830000000000048e-03
-1.749623000000000064e-03
-1.694521999999999955e-03
-1.756593999999999994e-03
-1.788183999999999954e-03
-1.743130999999999977e-03
-1.736015999999999948e-03
-1.773423000000000100e-03
-1.786260000000000018e-03
-1.759719999999999991e-03
-1.736785000000000022e-03
-1.729573000000000091e-03
-1.780345999999999925e-03
-1.789433999999999903e-03
-1.735678999999999955e-03
-1.757555999999999962e-03
-1.776163000000000091e-03
-1.783134999999999928e-03
-1.737168999999999996e-03
-1.723177999999999906e-03
-1.775153999999999925e-03
-1.778279000000000014e-03
-1.750487999999999914e-03
-1.738947999999999926e-03
-1.799241999999999942e-03
-1.781164000000000011e-03
-1.725149000000000040e-03
-1.731832999999999897e-03
-1.774528999999999950e-03
-1.789578000000000002e-03
-1.761786999999999902e-03
-1.719908000000000027e-03
-1.750103000000000032e-03
-1.789529999999999897e-03
-1.756930999999999988e-03
-1.726639999999999989e-03
-1.762845000000000080e-03
-1.794723000000000021e-03
-1.760728999999999940e-03
-1.744574000000000038e-03
-1.757459999999999968e-03
-1.775394000000000017e-03
-1.760922000000000051e-03
-1.728130000000000031e-03
-1.760056000000000077e-03
-1.791838000000000024e-03
-1.791742000000000031e-03
-1.732217000000000088e-03
-1.731399999999999910e-03
-1.772317000000000033e-03
-1.799098000000000060e-03
-1.746305000000000079e-03
-1.713080999999999979e-03
-1.762123999999999895e-03
-1.812416000000000070e-03
-1.757604000000000067e-03
-1.727552999999999945e-03
-1.769816999999999918e-03
-1.820734000000000068e-03
-1.758950000000000010e-03
-1.722360000000000037e-03
-1.758854000000000016e-03
-1.793375999999999955e-03
-1.751256999999999987e-03
-1.729620999999999980e-03
-1.768182000000000087e-03
-1.783375999999999928e-03
-1.768374000000000074e-03
-1.761882999999999895e-03
-1.767988999999999975e-03
-1.778038000000000014e-03
-1.768903000000000055e-03
-1.754862999999999952e-03
-1.730294000000000059e-03
-1.791309000000000044e-03
-1.777029000000000065e-03
-1.744813999999999914e-03
-1.734669000000000098e-03
-1.792895000000000079e-03
-1.797944000000000105e-03
-1.763278000000000068e-03
-1.741689000000000041e-03
-1.795298999999999983e-03
-1.797800000000000006e-03
-1.771931999999999934e-03
-1.741064000000000066e-03
-1.769095000000000042e-03
-1.790394999999999964e-03
-1.777942000000000021e-03
-1.735198000000000079e-03
-1.742747000000000003e-03
-1.803280999999999894e-03
-1.795635999999999977e-03
-1.737793999999999971e-03
-1.761210000000000032e-03
-1.793328000000000066e-03
-1.783087000000000040e-03
-1.745536000000000006e-03
-1.739045000000000044e-03
-1.789914000000000088e-03
-1.799627000000000041e-03
-1.756161000000000007e-03
-1.740823999999999974e-03
-1.787654999999999973e-03
-1.812945000000000051e-03
-1.767749000000000100e-03
-1.741593000000000047e-03
-1.772123999999999922e-03
-1.792558999999999993e-03
-1.774673000000000049e-03
-1.752747999999999936e-03
-1.775971000000000103e-03
-1.794433999999999916e-03
-1.782701999999999941e-03
-1.743853000000000070e-03
-1.749333999999999958e-03
-1.774624999999999944e-03
-1.794049000000000034e-03
-1.752218999999999955e-03
-1.745583999999999894e-03
-1.776210999999999979e-03
-1.795059000000000108e-03
-1.745487999999999901e-03
-1.730774999999999935e-03
-1.763180999999999950e-03
-1.786019999999999925e-03
-1.763180999999999950e-03
-1.740053999999999993e-03
-1.775298000000000024e-03
-1.789145000000000015e-03
-1.761065999999999934e-03
-1.731158999999999910e-03
-1.758276999999999930e-03
-1.815542000000000067e-03
-1.761882999999999895e-03
-1.704762999999999981e-03
-1.771259000000000071e-03
-1.811646999999999997e-03
-1.754958999999999946e-03
-1.734429000000000005e-03
-1.764767999999999892e-03
-1.803377000000000105e-03
-1.776355999999999985e-03
-1.754815000000000064e-03
-1.758709999999999917e-03
-1.783422999999999909e-03
-1.796550000000000057e-03
-1.745776000000000099e-03
-1.743516000000000076e-03
-1.782221000000000066e-03
-1.792654999999999986e-03
-1.768758999999999956e-03
-1.761065999999999934e-03
-1.776980999999999960e-03
-1.789818000000000095e-03
-1.771884000000000046e-03
-1.761402000000000020e-03
-1.790298999999999970e-03
-1.815348999999999956e-03
-1.769865000000000023e-03
-1.729573000000000091e-03
-1.755969000000000019e-03
-1.787942999999999954e-03
-1.778566999999999995e-03
-1.763374000000000061e-03
-1.772076000000000033e-03
-1.773903000000000068e-03
-1.725100999999999935e-03
-1.731591999999999897e-03
-1.779914000000000062e-03
-1.796164999999999958e-03
-1.801887000000000063e-03
-1.768758999999999956e-03
-1.771355000000000065e-03
-1.811261999999999898e-03
-1.819820999999999895e-03
-1.777846000000000027e-03
-1.762845000000000080e-03
-1.784577999999999989e-03
-1.815252999999999962e-03
-1.786164000000000024e-03
-1.762700999999999981e-03
-1.783230999999999922e-03
-1.816310999999999924e-03
-1.786884999999999992e-03
-1.767027999999999915e-03
-1.787029999999999999e-03
-1.814580000000000099e-03
-1.791548999999999919e-03
-1.757363000000000067e-03
-1.786548999999999906e-03
-1.808713999999999895e-03
-1.793569000000000066e-03
-1.764864000000000103e-03
-1.768517999999999956e-03
-1.811069999999999911e-03
-1.804482999999999955e-03
-1.765536999999999966e-03
-1.772797999999999909e-03
-1.802992999999999913e-03
-1.807945000000000038e-03
-1.770873999999999972e-03
-1.771402999999999953e-03
-1.811165999999999904e-03
-1.825830999999999982e-03
-1.786164000000000024e-03
-1.767749000000000100e-03
-1.792511000000000104e-03
-1.814290999999999994e-03
-1.786307999999999906e-03
-1.774961000000000030e-03
-1.796838000000000038e-03
-1.831359999999999976e-03
-1.808184999999999914e-03
-1.770538000000000103e-03
-1.769046999999999937e-03
-1.807800999999999939e-03
-1.813233999999999940e-03
-1.767749000000000100e-03
-1.769961000000000017e-03
-1.816263000000000035e-03
-1.824099999999999940e-03
-1.782221000000000066e-03
-1.772076000000000033e-03
-1.813521999999999921e-03
-1.817369000000000102e-03
-1.780202000000000043e-03
-1.766018000000000058e-03
-1.814531999999999994e-03
-1.833138999999999906e-03
-1.810348999999999943e-03
-1.780970999999999900e-03
-1.803953999999999974e-03
-1.824148000000000045e-03
-1.799386000000000041e-03
-1.766210000000000046e-03
-1.798136000000000092e-03
-1.831024000000000106e-03
-1.809868000000000067e-03
-1.771692000000000058e-03
-1.789626000000000107e-03
-1.825493999999999988e-03
-1.806934999999999965e-03
-1.769671999999999912e-03
-1.765681999999999972e-03
-1.812657000000000070e-03
-1.814964999999999981e-03
-1.767749000000000100e-03
-1.762845000000000080e-03
-1.813474000000000032e-03
-1.826792999999999950e-03
-1.797800000000000006e-03
-1.780874999999999906e-03
-1.805252000000000029e-03
-1.822272999999999905e-03
-1.784336999999999989e-03
-1.764383000000000010e-03
-1.792126000000000005e-03
-1.823186999999999985e-03
-1.803616999999999981e-03
-1.770057000000000011e-03
-1.793616999999999954e-03
-1.822368999999999899e-03
-1.800011000000000016e-03
-1.769479999999999924e-03
-1.792462999999999999e-03
-1.826600000000000055e-03
-1.809435000000000080e-03
-1.759960000000000083e-03
-1.767700999999999995e-03
-1.812753000000000064e-03
-1.812608999999999965e-03
-1.780874999999999906e-03
-1.761882999999999895e-03
-1.805348000000000022e-03
-1.812128000000000089e-03
-1.778134999999999915e-03
-1.768999000000000049e-03
-1.800492000000000108e-03
-1.835255000000000046e-03
-1.792895000000000079e-03
-1.762941000000000074e-03
-1.790202999999999977e-03
-1.820685999999999962e-03
-1.803473000000000099e-03
-1.768950999999999944e-03
-1.794096999999999923e-03
-1.813811000000000026e-03
-1.791213000000000050e-03
-1.774144000000000068e-03
-1.797030000000000025e-03
-1.826792999999999950e-03
-1.790443000000000069e-03
-1.756016999999999908e-03
-1.779432999999999970e-03
-1.804290999999999968e-03
-1.796164999999999958e-03
-1.763662000000000042e-03
-1.762459999999999982e-03
-1.813521999999999921e-03
-1.818137999999999959e-03
-1.775345999999999912e-03
-1.767315999999999896e-03
-1.809290999999999981e-03
-1.817079999999999997e-03
-1.789722000000000101e-03
-1.771931999999999934e-03
-1.792221999999999999e-03
-1.824869000000000014e-03
-1.804531000000000060e-03
-1.773807000000000075e-03
-1.791789999999999919e-03
-1.817802000000000090e-03
-1.801358000000000082e-03
-1.766931999999999921e-03
-1.773038000000000001e-03
-1.819532000000000007e-03
-1.794578000000000015e-03
-1.758276999999999930e-03
-1.767653000000000106e-03
-1.807175999999999965e-03
-1.815252999999999962e-03
-1.759287000000000004e-03
-1.755391999999999933e-03
-1.801164999999999971e-03
-1.810636999999999924e-03
-1.764238999999999911e-03
-1.757747999999999949e-03
-1.801262000000000089e-03
-1.825591000000000106e-03
-1.786115999999999919e-03
-1.764864000000000103e-03
-1.793232000000000072e-03
-1.815589999999999956e-03
-1.796356999999999945e-03
-1.764528000000000017e-03
-1.783855999999999897e-03
-1.811887000000000090e-03
-1.799770999999999923e-03
-1.762941000000000074e-03
-1.777654000000000040e-03
-1.813233999999999940e-03
-1.796646000000000050e-03
-1.760777000000000045e-03
-1.768182000000000087e-03
-1.807175999999999965e-03
-1.803953999999999974e-03
-1.765489000000000077e-03
-1.767556999999999896e-03
-1.803520999999999987e-03
-1.812945000000000051e-03
-1.759095000000000016e-03
-1.744813999999999914e-03
-1.799866999999999917e-03
-1.823907999999999953e-03
-1.783616000000000021e-03
-1.757747999999999949e-03
-1.782942999999999941e-03
-1.815589999999999956e-03
-1.791356999999999932e-03
-1.766355000000000052e-03
-1.787509999999999967e-03
-1.816310999999999924e-03
-1.796934000000000031e-03
-1.760922000000000051e-03
-1.773519000000000094e-03
-1.815926000000000042e-03
-1.805011999999999936e-03
-1.761545999999999902e-03
-1.769671999999999912e-03
-1.811502999999999898e-03
-1.803520999999999987e-03
-1.768566000000000062e-03
-1.771788000000000052e-03
-1.804915999999999942e-03
-1.796501999999999951e-03
-1.761979000000000106e-03
-1.760344000000000058e-03
-1.798183999999999980e-03
-1.817031999999999892e-03
-1.777268999999999941e-03
-1.752747999999999936e-03
-1.782654000000000053e-03
-1.808713999999999895e-03
-1.780394000000000030e-03
-1.752892000000000035e-03
-1.777893999999999915e-03
-1.816455000000000023e-03
-1.797126999999999926e-03
-1.761498999999999921e-03
-1.777893999999999915e-03
-1.808762000000000000e-03
-1.797126999999999926e-03
-1.758997999999999898e-03
-1.765873999999999959e-03
-1.803616999999999981e-03
-1.812271999999999971e-03
-1.769912999999999912e-03
-1.758566000000000035e-03
-1.793375999999999955e-03
-1.799819000000000028e-03
-1.766018000000000058e-03
-1.755440000000000039e-03
-1.801068999999999977e-03
-1.832274000000000055e-03
-1.781451999999999992e-03
-1.765201000000000096e-03
-1.781115999999999906e-03
-1.804339000000000073e-03
-1.775586000000000005e-03
-1.765105000000000103e-03
-1.785202000000000056e-03
-1.812463999999999959e-03
-1.788567999999999929e-03
-1.760440999999999959e-03
-1.774624999999999944e-03
-1.808088999999999920e-03
-1.800348000000000009e-03
-1.765105000000000103e-03
-1.774624999999999944e-03
-1.803714000000000098e-03
-1.801117000000000083e-03
-1.750150999999999920e-03
-1.753468999999999904e-03
-1.805589000000000022e-03
-1.802992999999999913e-03
-1.767219999999999902e-03
-1.756689999999999988e-03
-1.791501000000000031e-03
-1.819003000000000026e-03
-1.780970999999999900e-03
-1.761306000000000026e-03
-1.800635999999999990e-03
-1.831024000000000106e-03
-1.789865999999999983e-03
-1.754574999999999971e-03
-1.780970999999999900e-03
-1.804290999999999968e-03
-1.792173999999999894e-03
-1.757555999999999962e-03
-1.771547000000000052e-03
-1.806599000000000095e-03
-1.792607000000000098e-03
-1.758372999999999924e-03
-1.762363999999999988e-03
-1.797079000000000037e-03
-1.802751999999999914e-03
-1.770200999999999893e-03
-1.770104999999999899e-03
-1.806550999999999990e-03
-1.809482999999999968e-03
-1.763325999999999956e-03
-1.745246999999999901e-03
-1.792895000000000079e-03
-1.816406999999999917e-03
-1.781884999999999979e-03
-1.765730000000000077e-03
-1.785586999999999938e-03
-1.805011999999999936e-03
-1.783134999999999928e-03
-1.758180999999999937e-03
-1.773758999999999969e-03
-1.814290999999999994e-03
-1.791309000000000044e-03
-1.759334999999999892e-03
-1.774912999999999925e-03
-1.813521999999999921e-03
-1.793136000000000079e-03
-1.758180999999999937e-03
-1.782654000000000053e-03
-1.806742999999999977e-03
-1.798569000000000079e-03
-1.764046999999999924e-03
-1.756834999999999994e-03
-1.795925000000000082e-03
-1.816600000000000029e-03
-1.770826000000000084e-03
-1.755824999999999921e-03
-1.803137000000000012e-03
-1.814290999999999994e-03
-1.777750000000000033e-03
-1.750969000000000006e-03
-1.774673000000000049e-03
-1.807655999999999933e-03
-1.772123999999999922e-03
-1.739670000000000018e-03
-1.768950999999999944e-03
-1.816071000000000048e-03
-1.800348000000000009e-03
-1.759382999999999997e-03
-1.772221000000000039e-03
-1.800107999999999916e-03
-1.801164999999999971e-03
-1.753949999999999997e-03
-1.772460999999999915e-03
-1.809627999999999974e-03
-1.789818000000000095e-03
-1.740343000000000098e-03
-1.755391999999999933e-03
-1.795635999999999977e-03
-1.796501999999999951e-03
-1.757604000000000067e-03
-1.761643000000000020e-03
-1.788279999999999948e-03
-1.794674000000000009e-03
-1.765440999999999972e-03
-1.747698999999999911e-03
-1.795780000000000076e-03
-1.830061999999999921e-03
-1.784481000000000088e-03
-1.749574000000000051e-03
-1.775441999999999906e-03
-1.809723999999999968e-03
-1.784914000000000075e-03
-1.756689999999999988e-03
-1.768950999999999944e-03
-1.804339000000000073e-03
-1.786307999999999906e-03
-1.747698999999999911e-03
-1.768566000000000062e-03
-1.807945000000000038e-03
-1.790972000000000050e-03
-1.748900999999999971e-03
-1.748371999999999990e-03
-1.800733000000000108e-03
-1.795539999999999983e-03
-1.753517000000000010e-03
-1.738083000000000076e-03
-1.785778999999999925e-03
-1.799866999999999917e-03
-1.762700999999999981e-03
-1.749911000000000045e-03
-1.784722000000000088e-03
-1.806791000000000083e-03
-1.768758999999999956e-03
-1.742795000000000108e-03
-1.789578000000000002e-03
-1.813762999999999920e-03
-1.775104999999999912e-03
-1.752892000000000035e-03
-1.780539000000000037e-03
-1.808329000000000013e-03
-1.781260000000000005e-03
-1.742218000000000022e-03
-1.755007999999999959e-03
-1.801791000000000070e-03
-1.796597999999999945e-03
-1.747843000000000009e-03
-1.762026999999999994e-03
-1.801117000000000083e-03
-1.781596000000000091e-03
-1.748035999999999904e-03
-1.735102000000000085e-03
-1.782221000000000066e-03
-1.799674999999999929e-03
-1.765344999999999978e-03
-1.745391000000000000e-03
-1.780010000000000056e-03
-1.796885999999999926e-03
-1.765248999999999985e-03
-1.737554000000000095e-03
-1.760969999999999940e-03
-1.801887000000000063e-03
-1.777893999999999915e-03
-1.750295999999999927e-03
-1.779289000000000088e-03
-1.810107999999999943e-03
-1.785443000000000056e-03
-1.736160000000000047e-03
-1.759238999999999898e-03
-1.796068999999999964e-03
-1.785586999999999938e-03
-1.746689999999999961e-03
-1.740823999999999974e-03
-1.786548999999999906e-03
-1.793136000000000079e-03
-1.753131999999999911e-03
-1.752363000000000054e-03
-1.782558000000000059e-03
-1.797800000000000006e-03
-1.749525999999999946e-03
-1.732554000000000082e-03
-1.766498999999999934e-03
-1.794096999999999923e-03
-1.758372999999999924e-03
-1.753854000000000003e-03
-1.773327000000000106e-03
-1.805444999999999923e-03
-1.773423000000000100e-03
-1.742073999999999923e-03
-1.759238999999999898e-03
-1.801934999999999952e-03
-1.784577999999999989e-03
-1.751401000000000086e-03
-1.764575999999999905e-03
-1.795202999999999990e-03
-1.785202000000000056e-03
-1.746930000000000054e-03
-1.747218000000000035e-03
-1.783855999999999897e-03
-1.789914000000000088e-03
-1.748324000000000102e-03
-1.743612000000000070e-03
-1.772942000000000008e-03
-1.790635999999999964e-03
-1.752410999999999943e-03
-1.736495999999999916e-03
-1.766306999999999947e-03
-1.795925000000000082e-03
-1.761018000000000045e-03
-1.743130999999999977e-03
-1.775345999999999912e-03
-1.802175000000000044e-03
-1.778615000000000100e-03
-1.741736999999999929e-03
-1.756402000000000007e-03
-1.794194000000000041e-03
-1.765248999999999985e-03
-1.740343000000000098e-03
-1.763903000000000042e-03
-1.800444000000000003e-03
-1.789192999999999903e-03
-1.745150999999999907e-03
-1.759864000000000090e-03
-1.782029000000000078e-03
-1.774528999999999950e-03
-1.749766999999999946e-03
-1.753757000000000102e-03
-1.779095999999999976e-03
-1.786884999999999992e-03
-1.746015999999999974e-03
-1.728947999999999900e-03
-1.762796999999999975e-03
-1.786548999999999906e-03
-1.764287000000000017e-03
-1.750344000000000032e-03
-1.774144000000000068e-03
-1.798665000000000073e-03
-1.766594999999999928e-03
-1.738179000000000069e-03
-1.750054999999999927e-03
-1.790155000000000088e-03
-1.780153999999999938e-03
-1.744333999999999945e-03
-1.754333999999999972e-03
-1.806599000000000095e-03
-1.785972000000000037e-03
-1.746977999999999942e-03
-1.749045999999999977e-03
-1.780249999999999931e-03
-1.785923999999999932e-03
-1.755248000000000051e-03
-1.744333999999999945e-03
-1.778134999999999915e-03
-1.805203999999999923e-03
-1.759046000000000004e-03
-1.746352999999999968e-03
-1.779289000000000088e-03
-1.806166000000000108e-03
-1.763084999999999956e-03
-1.742026000000000035e-03
-1.770826000000000084e-03
-1.795539999999999983e-03
-1.768325999999999969e-03
-1.747698999999999911e-03
-1.771835999999999941e-03
-1.799386000000000041e-03
-1.780106000000000049e-03
-1.741352000000000047e-03
-1.756112999999999901e-03
-1.801791000000000070e-03
-1.799578999999999936e-03
-1.751065000000000000e-03
-1.752171000000000067e-03
-1.788712000000000028e-03
-1.785923999999999932e-03
-1.742698999999999897e-03
-1.747555000000000028e-03
-1.772750000000000020e-03
-1.772221000000000039e-03
-1.760681000000000052e-03
-1.749719000000000057e-03
-1.780778999999999912e-03
-1.791644999999999913e-03
-1.764430999999999899e-03
-1.734476999999999894e-03
-1.761257999999999921e-03
-1.794723000000000021e-03
-1.762749000000000087e-03
-1.746401000000000073e-03
-1.771402999999999953e-03
-1.799674999999999929e-03
-1.783712000000000015e-03
-1.748708999999999984e-03
-1.759719999999999991e-03
-1.800588000000000102e-03
-1.785923999999999932e-03
-1.743275999999999984e-03
-1.754623000000000077e-03
-1.791019999999999938e-03
-1.792126000000000005e-03
-1.747218000000000035e-03
-1.748708999999999984e-03
-1.779144000000000081e-03
-1.800156000000000022e-03
-1.760969999999999940e-03
-1.750728000000000006e-03
-1.781547999999999986e-03
-1.795684000000000082e-03
-1.762845000000000080e-03
-1.742265999999999910e-03
-1.784722000000000088e-03
-1.801454000000000076e-03
-1.780874999999999906e-03
-1.748565000000000102e-03
-1.759815999999999984e-03
-1.794241999999999929e-03
-1.782462000000000065e-03
-1.753421000000000016e-03
-1.766355000000000052e-03
-1.794000999999999929e-03
-1.776306999999999973e-03
-1.740968000000000073e-03
-1.746689999999999961e-03
-1.788328000000000053e-03
-1.787270000000000091e-03
-1.751930000000000067e-03
-1.739862000000000006e-03
-1.767653000000000106e-03
-1.793712999999999948e-03
-1.760922000000000051e-03
-1.746593000000000060e-03
-1.780635000000000030e-03
-1.803714000000000098e-03
-1.768133999999999982e-03
-1.731111000000000021e-03
-1.770826000000000084e-03
-1.807416000000000057e-03
-1.774048000000000075e-03
-1.743996999999999952e-03
-1.768758999999999956e-03
-1.798906000000000073e-03
-1.780731000000000024e-03
-1.755728999999999927e-03
-1.766594999999999928e-03
-1.800058999999999904e-03
-1.785682999999999932e-03
-1.755583999999999921e-03
-1.761979000000000106e-03
-1.795059000000000108e-03
-1.787270000000000091e-03
-1.749478000000000057e-03
-1.741977999999999929e-03
-1.784769999999999976e-03
-1.794482000000000022e-03
-1.756883000000000099e-03
-1.745680000000000105e-03
-1.772413000000000027e-03
-1.786644999999999900e-03
-1.749525999999999946e-03
-1.750487999999999914e-03
-1.786501000000000018e-03
-1.806454000000000089e-03
-1.784240999999999995e-03
-1.752363000000000054e-03
-1.767653000000000106e-03
-1.797079000000000037e-03
-1.778087000000000027e-03
-1.757939999999999937e-03
-1.758709999999999917e-03
-1.793471999999999948e-03
-1.792750999999999980e-03
-1.753325000000000022e-03
-1.758372999999999924e-03
-1.798906000000000073e-03
-1.786644999999999900e-03
-1.745295000000000006e-03
-1.754382999999999984e-03
-1.782317999999999967e-03
-1.776210999999999979e-03
-1.745199000000000012e-03
-1.739380999999999913e-03
-1.769095000000000042e-03
-1.790827999999999951e-03
-1.763037000000000068e-03
-1.740198999999999999e-03
-1.765393000000000084e-03
-1.787462000000000079e-03
-1.758805999999999911e-03
-1.737314000000000002e-03
-1.770730000000000090e-03
-1.796550000000000057e-03
-1.771835999999999941e-03
-1.732793999999999958e-03
-1.752843999999999930e-03
-1.792462999999999999e-03
-1.782172999999999960e-03
-1.747602999999999917e-03
-1.764624000000000010e-03
-1.795155000000000101e-03
-1.782317999999999967e-03
-1.739670000000000018e-03
-1.740872000000000079e-03
-1.783134999999999928e-03
-1.784528999999999976e-03
-1.751305000000000093e-03
-1.733371000000000044e-03
-1.765201000000000096e-03
-1.790539000000000063e-03
-1.755969000000000019e-03
-1.749623000000000064e-03
-1.771402999999999953e-03
-1.797559000000000006e-03
-1.768758999999999956e-03
-1.739045000000000044e-03
-1.762941000000000074e-03
-1.801309999999999977e-03
-1.768037999999999988e-03
-1.751834000000000073e-03
-1.759815999999999984e-03
-1.784385000000000094e-03
-1.776451999999999979e-03
-1.752122999999999962e-03
-1.753949999999999997e-03
-1.787462000000000079e-03
-1.781019000000000005e-03
-1.742122000000000028e-03
-1.748804999999999978e-03
-1.794819000000000015e-03
-1.794962999999999897e-03
-1.751689999999999975e-03
-1.742987000000000095e-03
-1.784818000000000082e-03
-1.797654999999999999e-03
-1.769144000000000055e-03
-1.741928999999999917e-03
-1.758421000000000029e-03
-1.788183999999999954e-03
-1.760152000000000071e-03
-1.747218000000000035e-03
-1.773086000000000106e-03
-1.792221999999999999e-03
-1.771018000000000071e-03
-1.744237000000000044e-03
-1.761449999999999908e-03
-1.810301000000000054e-03
-1.792511000000000104e-03
-1.746256999999999974e-03
-1.759670999999999978e-03
-1.790394999999999964e-03
-1.780202000000000043e-03
-1.748708999999999984e-03
-1.753805999999999898e-03
-1.793953000000000041e-03
-1.789769999999999989e-03
-1.745583999999999894e-03
-1.733755999999999926e-03
-1.769191000000000036e-03
-1.795684000000000082e-03
-1.771402999999999953e-03
-1.736881000000000015e-03
-1.768854999999999950e-03
-1.791115999999999932e-03
-1.760777000000000045e-03
-1.737362000000000108e-03
-1.758854000000000016e-03
-1.788424000000000047e-03
-1.769816999999999918e-03
-1.743034999999999984e-03
-1.770969999999999966e-03
-1.797654999999999999e-03
-1.789000999999999916e-03
-1.744333999999999945e-03
-1.746497000000000067e-03
-1.791309000000000044e-03
-1.791548999999999919e-03
-1.741832999999999923e-03
-1.751209000000000099e-03
-1.795059000000000108e-03
-1.787607000000000085e-03
-1.746881999999999949e-03
-1.741640999999999936e-03
-1.776163000000000091e-03
-1.787366000000000085e-03
-1.747363000000000041e-03
-1.734237000000000018e-03
-1.765007999999999985e-03
-1.782413999999999960e-03
-1.764430999999999899e-03
-1.744862999999999926e-03
-1.772364999999999921e-03
-1.790972000000000050e-03
-1.781355999999999998e-03
-1.754333999999999972e-03
-1.758037000000000055e-03
-1.795347999999999996e-03
-1.784577999999999989e-03
-1.748804999999999978e-03
-1.743612000000000070e-03
-1.780249999999999931e-03
-1.779624999999999957e-03
-1.746881999999999949e-03
-1.755824999999999921e-03
-1.800444000000000003e-03
-1.805252000000000029e-03
-1.754862999999999952e-03
-1.744958999999999920e-03
-1.774673000000000049e-03
-1.777750000000000033e-03
-1.751352999999999981e-03
-1.738659999999999945e-03
-1.771355000000000065e-03
-1.792173999999999894e-03
-1.761979000000000106e-03
-1.740872000000000079e-03
-1.774336000000000056e-03
-1.802992999999999913e-03
-1.766739000000000026e-03
-1.749525999999999946e-03
-1.765489000000000077e-03
-1.805636999999999910e-03
-1.781837000000000091e-03
-1.744333999999999945e-03
-1.758084999999999943e-03
-1.799386000000000041e-03
-1.792703000000000092e-03
-1.748084000000000009e-03
-1.746448999999999961e-03
-1.794337999999999923e-03
-1.802751999999999914e-03
-1.756546000000000106e-03
-1.743853000000000070e-03
-1.769240000000000049e-03
-1.784145000000000002e-03
-1.753468999999999904e-03
-1.731015000000000028e-03
-1.770873999999999972e-03
-1.795635999999999977e-03
-1.768182000000000087e-03
-1.733275000000000050e-03
-1.763709999999999931e-03
-1.790347000000000076e-03
-1.766114000000000052e-03
-1.735294000000000073e-03
-1.758421000000000029e-03
-1.782701999999999941e-03
-1.774095999999999963e-03
-1.746544999999999955e-03
-1.752026000000000061e-03
-1.802704000000000025e-03
-1.795780000000000076e-03
-1.741401000000000060e-03
-1.750583999999999908e-03
-1.786884999999999992e-03
-1.799482999999999942e-03
-1.762845000000000080e-03
-1.748371999999999990e-03
-1.782076999999999967e-03
-1.787270000000000091e-03
-1.754623000000000077e-03
-1.738851999999999932e-03
-1.765440999999999972e-03
-1.786307999999999906e-03
-1.771355000000000065e-03
-1.753517000000000010e-03
-1.774336000000000056e-03
-1.801838999999999958e-03
-1.771643999999999953e-03
-1.740390999999999987e-03
-1.758421000000000029e-03
-1.789626000000000107e-03
-1.778230999999999909e-03
-1.745199000000000012e-03
-1.758662000000000029e-03
-1.789578000000000002e-03
-1.782558000000000059e-03
-1.753708999999999997e-03
-1.762026999999999994e-03
-1.786260000000000018e-03
-1.790010000000000082e-03
-1.750295999999999927e-03
-1.752747999999999936e-03
-1.781933000000000085e-03
-1.786548999999999906e-03
-1.753180000000000016e-03
-1.730870999999999929e-03
-1.765440999999999972e-03
-1.792318999999999900e-03
-1.766980000000000026e-03
-1.732409000000000076e-03
-1.758662000000000029e-03
-1.792511000000000104e-03
-1.768517999999999956e-03
-1.737987000000000082e-03
-1.756306000000000013e-03
-1.791693000000000018e-03
-1.780298000000000037e-03
-1.739717999999999907e-03
-1.743708999999999971e-03
-1.790394999999999964e-03
-1.775249999999999918e-03
-1.738659999999999945e-03
-1.732601999999999970e-03
-1.770634000000000097e-03
-1.794096999999999923e-03
-1.754333999999999972e-03
-1.748708999999999984e-03
-1.773278000000000094e-03
-1.783855999999999897e-03
-1.747073999999999936e-03
-1.720822000000000107e-03
-1.766980000000000026e-03
-1.794723000000000021e-03
-1.756016999999999908e-03
-1.735966999999999935e-03
-1.758901999999999905e-03
-1.787509999999999967e-03
-1.764864000000000103e-03
-1.734669000000000098e-03
-1.755440000000000039e-03
-1.789241000000000009e-03
-1.760248000000000064e-03
-1.722793000000000024e-03
-1.748565000000000102e-03
-1.791260999999999938e-03
-1.781404000000000104e-03
-1.748661000000000095e-03
-1.743034999999999984e-03
-1.775586000000000005e-03
-1.785586999999999938e-03
-1.745487999999999901e-03
-1.727842000000000050e-03
-1.773327000000000106e-03
-1.797559000000000006e-03
-1.757267000000000074e-03
-1.731207000000000015e-03
-1.764287000000000017e-03
-1.784432999999999983e-03
-1.756210000000000019e-03
-1.731591999999999897e-03
-1.762459999999999982e-03
-1.789192999999999903e-03
-1.752122999999999962e-03
-1.724620000000000059e-03
-1.760248000000000064e-03
-1.787270000000000091e-03
-1.773519000000000094e-03
-1.734092000000000012e-03
-1.752171000000000067e-03
-1.792030000000000012e-03
-1.781355999999999998e-03
-1.744429999999999939e-03
-1.734861999999999993e-03
-1.780682999999999919e-03
-1.783279000000000027e-03
-1.741352000000000047e-03
-1.732938000000000056e-03
-1.771547000000000052e-03
-1.787270000000000091e-03
-1.741544999999999942e-03
-1.725774000000000015e-03
