-2.193411000000000145e-03
-2.184997000000000154e-03
-2.208363999999999987e-03
-2.219422999999999882e-03
-2.201104000000000168e-03
-2.193988000000000015e-03
-2.225384999999999863e-03
-2.235145000000000014e-03
-2.211729999999999859e-03
-2.197450000000000098e-03
-2.210095000000000028e-03
-2.221923000000000214e-03
-2.209758000000000035e-03
-2.189467999999999970e-03
-2.213364000000000217e-03
-2.232740999999999892e-03
-2.215336000000000041e-03
-2.193796000000000027e-03
-2.197450000000000098e-03
-2.218075999999999815e-03
-2.208603999999999862e-03
-2.180669000000000097e-03
-2.196921000000000117e-03
-2.220672999999999831e-03
-2.214470000000000067e-03
-2.197642000000000085e-03
-2.201007999999999958e-03
-2.222210999999999978e-03
-2.218893999999999901e-03
-2.198123000000000177e-03
-2.189996999999999951e-03
-2.209855000000000153e-03
-2.231009999999999851e-03
-2.211057000000000213e-03
-2.204180999999999935e-03
-2.220335999999999838e-03
-2.222884999999999965e-03
-2.214230000000000191e-03
-2.200670999999999964e-03
-2.199613000000000002e-03
-2.224711999999999783e-03
-2.214422000000000178e-03
-2.192448999999999960e-03
-2.204998000000000114e-03
-2.223989999999999908e-03
-2.203651999999999955e-03
-2.201104000000000168e-03
-2.199949999999999996e-03
-2.220000000000000185e-03
-2.214615000000000073e-03
-2.205911999999999977e-03
-2.206248000000000063e-03
-2.221923000000000214e-03
-2.218556999999999908e-03
-2.201441000000000162e-03
-2.194756999999999871e-03
-2.215865000000000022e-03
-2.222163000000000090e-03
-2.207931000000000216e-03
-2.205191000000000009e-03
-2.214902999999999837e-03
-2.230480999999999870e-03
-2.209566000000000047e-03
-2.189515999999999858e-03
-2.202210000000000018e-03
-2.225336999999999975e-03
-2.218317000000000032e-03
-2.197402000000000209e-03
-2.209084999999999955e-03
-2.217162999999999860e-03
-2.206729000000000156e-03
-2.193267000000000046e-03
-2.195237999999999964e-03
-2.222787999999999847e-03
-2.214133999999999981e-03
-2.192064999999999986e-03
-2.198410999999999942e-03
-2.217740000000000163e-03
-2.217835999999999939e-03
-2.189372000000000193e-03
-2.194371999999999989e-03
-2.214133999999999981e-03
-2.221201999999999812e-03
-2.207161999999999926e-03
-2.195958999999999932e-03
-2.218941999999999790e-03
-2.234135999999999848e-03
-2.212884000000000032e-03
-2.198171000000000066e-03
-2.199565000000000114e-03
-2.227933000000000083e-03
-2.211826000000000070e-03
-2.197352999999999980e-03
-2.209950999999999929e-03
-2.229807999999999790e-03
-2.226491000000000147e-03
-2.198747999999999935e-03
-2.199421000000000015e-03
-2.228317999999999965e-03
-2.215046999999999936e-03
-2.187208999999999855e-03
-2.200238000000000194e-03
-2.219519000000000093e-03
-2.218461000000000131e-03
-2.194371999999999989e-03
-2.196872999999999795e-03
-2.217932000000000150e-03
-2.223268999999999940e-03
-2.201873000000000025e-03
-2.194516999999999995e-03
-2.215767999999999904e-03
-2.226731000000000023e-03
-2.216874000000000188e-03
-2.201007999999999958e-03
-2.211584999999999853e-03
-2.233990999999999841e-03
-2.221442000000000121e-03
-2.199036000000000133e-03
-2.215191000000000035e-03
-2.233174000000000096e-03
-2.222547999999999972e-03
-2.197642000000000085e-03
-2.206008000000000187e-03
-2.219566999999999981e-03
-2.211634000000000082e-03
-2.195863000000000155e-03
-2.197881999999999961e-03
-2.216345000000000207e-03
-2.224567000000000211e-03
-2.200383000000000200e-03
-2.194324000000000101e-03
-2.216825999999999866e-03
-2.224182999999999803e-03
-2.201825000000000136e-03
-2.200286999999999989e-03
-2.215912999999999911e-03
-2.230240999999999994e-03
-2.212691000000000137e-03
-2.193314999999999935e-03
-2.214662999999999961e-03
-2.239375999999999953e-03
-2.222163000000000090e-03
-2.198652000000000158e-03
-2.209855000000000153e-03
-2.230769999999999975e-03
-2.218653000000000118e-03
-2.206296999999999859e-03
-2.209421999999999948e-03
-2.221442000000000121e-03
-2.210384000000000133e-03
-2.201776999999999814e-03
-2.194948999999999859e-03
-2.213364000000000217e-03
-2.229230999999999921e-03
-2.209132999999999843e-03
-2.185189000000000142e-03
-2.203122999999999974e-03
-2.221923000000000214e-03
-2.198939999999999922e-03
-2.188121999999999810e-03
-2.212402999999999939e-03
-2.233606999999999867e-03
-2.213508999999999789e-03
-2.203604000000000066e-03
-2.215239999999999831e-03
-2.222884999999999965e-03
-2.219663000000000191e-03
-2.205527000000000095e-03
-2.209181000000000165e-03
-2.241491999999999877e-03
-2.227451999999999991e-03
-2.206488999999999846e-03
-2.209903000000000041e-03
-2.229567999999999914e-03
-2.207882999999999894e-03
-2.191680000000000104e-03
-2.196727999999999788e-03
-2.223076999999999952e-03
-2.222500000000000083e-03
-2.196248000000000037e-03
-2.196727999999999788e-03
-2.218893999999999901e-03
-2.232982000000000109e-03
-2.202835000000000210e-03
-2.188602999999999903e-03
-2.219038000000000000e-03
-2.230049000000000007e-03
-2.214181999999999869e-03
-2.201825000000000136e-03
-2.209469999999999837e-03
-2.227741000000000096e-03
-2.222547999999999972e-03
-2.200623000000000076e-03
-2.198844000000000146e-03
-2.224663999999999895e-03
-2.214951000000000159e-03
-2.207451000000000031e-03
-2.205238999999999897e-03
-2.222355999999999984e-03
-2.216248999999999997e-03
-2.197208999999999881e-03
-2.198458999999999830e-03
-2.217114999999999971e-03
-2.220095999999999962e-03
-2.204085000000000159e-03
-2.194900999999999970e-03
-2.210719999999999786e-03
-2.229375999999999927e-03
-2.213652999999999888e-03
-2.193169999999999929e-03
-2.208316000000000098e-03
-2.230914000000000074e-03
-2.218556999999999908e-03
-2.202593999999999993e-03
-2.224374999999999790e-03
-2.234568000000000144e-03
-2.216345000000000207e-03
-2.205672000000000101e-03
-2.206729000000000156e-03
-2.227933000000000083e-03
-2.214086000000000092e-03
-2.199516999999999792e-03
-2.206537000000000168e-03
-2.221634000000000109e-03
-2.227068000000000016e-03
-2.199997999999999884e-03
-2.197402000000000209e-03
-2.216009000000000121e-03
-2.208124000000000111e-03
-2.187160000000000059e-03
-2.196055000000000142e-03
-2.219711000000000080e-03
-2.226634999999999812e-03
-2.196440000000000024e-03
-2.186583000000000190e-03
-2.210190999999999805e-03
-2.220721000000000153e-03
-2.211873999999999958e-03
-2.193603000000000133e-03
-2.206151999999999853e-03
-2.219519000000000093e-03
-2.209277999999999850e-03
-2.190286000000000056e-03
-2.206151999999999853e-03
-2.228414000000000176e-03
-2.218075999999999815e-03
-2.194516999999999995e-03
-2.205527000000000095e-03
-2.218412999999999809e-03
-2.215288000000000153e-03
-2.191391999999999906e-03
-2.200575000000000187e-03
-2.227451999999999991e-03
-2.214373999999999856e-03
-2.190381999999999833e-03
-2.181582999999999960e-03
-2.206922000000000050e-03
-2.225144000000000080e-03
-2.199853999999999785e-03
-2.187497000000000053e-03
-2.209518000000000159e-03
-2.213989999999999882e-03
-2.201681000000000037e-03
-2.193267000000000046e-03
-2.201681000000000037e-03
-2.223558000000000045e-03
-2.213028000000000130e-03
-2.190286000000000056e-03
-2.197208999999999881e-03
-2.221634000000000109e-03
-2.215046999999999936e-03
-2.192545000000000171e-03
-2.201633000000000149e-03
-2.227644999999999886e-03
-2.227356000000000214e-03
-2.193122000000000040e-03
-2.194853000000000082e-03
-2.229328000000000039e-03
-2.231924000000000147e-03
-2.183650000000000087e-03
-2.169995000000000084e-03
-2.200718999999999852e-03
-2.222308000000000096e-03
-2.190573999999999820e-03
-2.188026000000000033e-03
-2.212355000000000051e-03
-2.225289000000000086e-03
-2.203699999999999843e-03
-2.184179000000000068e-03
-2.205191000000000009e-03
-2.228991000000000045e-03
-2.210576000000000121e-03
-2.193506999999999922e-03
-2.204277000000000146e-03
-2.220384000000000160e-03
-2.210142999999999917e-03
-2.191872000000000091e-03
-2.193554999999999811e-03
-2.215865000000000022e-03
-2.215191000000000035e-03
-2.200383000000000200e-03
-2.197402000000000209e-03
-2.208940999999999856e-03
-2.208411999999999875e-03
-2.195429999999999951e-03
-2.195958999999999932e-03
-2.209374000000000060e-03
-2.218364999999999920e-03
-2.198026999999999967e-03
-2.189228000000000094e-03
-2.203893000000000171e-03
-2.209710000000000146e-03
-2.209518000000000159e-03
-2.186534999999999868e-03
-2.214951000000000159e-03
-2.241396000000000100e-03
-2.207306000000000025e-03
-2.189564000000000180e-03
-2.203267999999999980e-03
-2.224616000000000007e-03
-2.222981000000000176e-03
-2.199660999999999891e-03
-2.193554999999999811e-03
-2.220672999999999831e-03
-2.218412999999999809e-03
-2.188026000000000033e-03
-2.188602999999999903e-03
-2.214951000000000159e-03
-2.210719999999999786e-03
-2.192977999999999941e-03
-2.187641000000000151e-03
-2.204949999999999792e-03
-2.217548000000000175e-03
-2.199276999999999916e-03
-2.178986999999999851e-03
-2.206922000000000050e-03
-2.214902999999999837e-03
-2.201825000000000136e-03
-2.187689000000000040e-03
-2.197737999999999862e-03
-2.217835999999999939e-03
-2.204565999999999817e-03
-2.196055000000000142e-03
-2.203364000000000190e-03
-2.224182999999999803e-03
-2.216057000000000009e-03
-2.190959000000000136e-03
-2.200718999999999852e-03
-2.221923000000000214e-03
-2.206632999999999945e-03
-2.186920000000000183e-03
-2.195958999999999932e-03
-2.217451000000000057e-03
-2.216874000000000188e-03
-2.196248000000000037e-03
-2.188026000000000033e-03
-2.215383999999999930e-03
-2.216152999999999786e-03
-2.183890999999999871e-03
-2.182351999999999816e-03
-2.199181000000000139e-03
-2.214662999999999961e-03
-2.193074000000000152e-03
-2.189996999999999951e-03
-2.202065000000000012e-03
-2.220816999999999930e-03
-2.215239999999999831e-03
-2.203459999999999967e-03
-2.206632999999999945e-03
-2.222836000000000169e-03
-2.212355000000000051e-03
-2.193554999999999811e-03
-2.199853999999999785e-03
-2.222308000000000096e-03
-2.211105000000000102e-03
-2.192256999999999973e-03
-2.198939999999999922e-03
-2.218075999999999815e-03
-2.216970999999999872e-03
-2.196248000000000037e-03
-2.188218000000000021e-03
-2.209566000000000047e-03
-2.215528000000000029e-03
-2.191824000000000203e-03
-2.185092999999999931e-03
-2.202210000000000018e-03
-2.213364000000000217e-03
-2.203412000000000079e-03
-2.188507000000000126e-03
-2.206824999999999933e-03
-2.205574999999999983e-03
-2.200718999999999852e-03
-2.195285999999999852e-03
-2.186776000000000084e-03
-2.206632999999999945e-03
-2.209998999999999818e-03
-2.193314999999999935e-03
-2.195671000000000168e-03
-2.224134999999999914e-03
-2.209421999999999948e-03
-2.170908999999999946e-03
-2.181390999999999972e-03
-2.216970999999999872e-03
-2.222163000000000090e-03
-2.200286999999999989e-03
-2.192448999999999960e-03
-2.206488999999999846e-03
-2.212499000000000150e-03
-2.196392000000000136e-03
-2.179756000000000141e-03
-2.200718999999999852e-03
-2.218798000000000124e-03
-2.201441000000000162e-03
-2.184563999999999950e-03
-2.203170999999999862e-03
-2.218412999999999809e-03
-2.199421000000000015e-03
-2.187063999999999848e-03
-2.202402000000000006e-03
-2.221923000000000214e-03
-2.211778000000000181e-03
-2.194132000000000113e-03
-2.195574999999999957e-03
-2.218798000000000124e-03
-2.217403000000000169e-03
-2.193025999999999830e-03
-2.200718999999999852e-03
-2.223605999999999933e-03
-2.218412999999999809e-03
-2.196872999999999795e-03
-2.195334000000000174e-03
-2.211681999999999971e-03
-2.204709999999999916e-03
-2.191439999999999794e-03
-2.187449000000000164e-03
-2.205864000000000089e-03
-2.218749999999999802e-03
-2.201488000000000143e-03
-2.193554999999999811e-03
-2.209037000000000067e-03
-2.225289000000000086e-03
-2.202930999999999986e-03
-2.192545000000000171e-03
-2.207979000000000105e-03
-2.224807999999999994e-03
-2.214038000000000204e-03
-2.200238000000000194e-03
-2.186294999999999992e-03
-2.210384000000000133e-03
-2.213844999999999875e-03
-2.190765999999999807e-03
-2.190141000000000050e-03
-2.217114999999999971e-03
-2.210239000000000127e-03
-2.193843999999999916e-03
-2.201728999999999926e-03
-2.218509000000000019e-03
-2.213941000000000086e-03
-2.194035999999999903e-03
-2.188699000000000113e-03
-2.211921999999999847e-03
-2.222739999999999959e-03
-2.202305999999999795e-03
-2.198603999999999836e-03
-2.210913000000000114e-03
-2.215817000000000134e-03
-2.203748000000000165e-03
-2.195190000000000075e-03
-2.211105000000000102e-03
-2.236923999999999944e-03
-2.218172999999999933e-03
-2.190381999999999833e-03
-2.200046000000000206e-03
-2.224999999999999981e-03
-2.216248999999999997e-03
-2.201344000000000044e-03
-2.202354000000000117e-03
-2.223510000000000156e-03
-2.216730000000000089e-03
-2.198363000000000053e-03
-2.192977999999999941e-03
-2.221106000000000035e-03
-2.220721000000000153e-03
-2.188313999999999798e-03
-2.182688999999999810e-03
-2.206537000000000168e-03
-2.219856000000000086e-03
-2.192353000000000184e-03
-2.181438999999999861e-03
-2.197642000000000085e-03
-2.213268000000000006e-03
-2.203170999999999862e-03
-2.190381999999999833e-03
-2.191199000000000011e-03
-2.208653000000000092e-03
-2.201873000000000025e-03
-2.185621999999999912e-03
-2.191102999999999801e-03
-2.215046999999999936e-03
-2.200526999999999865e-03
-2.177304000000000132e-03
-2.186920000000000183e-03
-2.210334999999999904e-03
-2.203651999999999955e-03
-2.193988000000000015e-03
-2.190381999999999833e-03
-2.209132999999999843e-03
-2.210624000000000009e-03
-2.187255999999999836e-03
-2.176005999999999860e-03
-2.203122999999999974e-03
-2.214567000000000185e-03
-2.191246999999999900e-03
-2.177783999999999883e-03
-2.193411000000000145e-03
-2.195814999999999833e-03
-2.196776000000000111e-03
-2.196055000000000142e-03
-2.211441000000000188e-03
-2.220432999999999955e-03
-2.198603999999999836e-03
-2.188986999999999877e-03
-2.202017000000000124e-03
-2.218364999999999920e-03
-2.211826000000000070e-03
-2.194900999999999970e-03
-2.198700000000000047e-03
-2.216730000000000089e-03
-2.219663000000000191e-03
-2.190333999999999944e-03
-2.189564000000000180e-03
-2.207451000000000031e-03
-2.210719999999999786e-03
-2.202883000000000098e-03
-2.194805000000000193e-03
-2.217740000000000163e-03
-2.213844999999999875e-03
-2.186823999999999973e-03
-2.166196999999999914e-03
-2.196392000000000136e-03
-2.209566000000000047e-03
-2.191007000000000024e-03
-2.187352999999999954e-03
-2.193988000000000015e-03
-2.215431999999999818e-03
-2.202978999999999875e-03
-2.183314000000000001e-03
-2.195190000000000075e-03
-2.215288000000000153e-03
-2.210334999999999904e-03
-2.191824000000000203e-03
-2.196198999999999808e-03
-2.220143999999999850e-03
-2.211873999999999958e-03
-2.193074000000000152e-03
-2.195045999999999976e-03
-2.217596000000000064e-03
-2.220143999999999850e-03
-2.193314999999999935e-03
-2.176631000000000052e-03
-2.199421000000000015e-03
-2.215288000000000153e-03
-2.197160999999999993e-03
-2.183697999999999976e-03
-2.194469000000000107e-03
-2.208316000000000098e-03
-2.189949000000000062e-03
-2.175668999999999867e-03
-2.192785999999999954e-03
-2.214422000000000178e-03
-2.201681000000000037e-03
-2.185813999999999899e-03
-2.193651000000000021e-03
-2.208508000000000086e-03
-2.199373000000000127e-03
-2.177639999999999784e-03
-2.195237999999999964e-03
-2.209518000000000159e-03
-2.202162000000000130e-03
-2.194324000000000101e-03
-2.193219000000000158e-03
-2.211297000000000089e-03
-2.220143999999999850e-03
-2.196872999999999795e-03
-2.187978000000000145e-03
-2.206103999999999964e-03
-2.215623999999999805e-03
-2.188218000000000021e-03
-2.183505999999999989e-03
-2.193796000000000027e-03
-2.207306000000000025e-03
-2.198026999999999967e-03
-2.177062999999999915e-03
-2.192256999999999973e-03
-2.217835999999999939e-03
-2.196487999999999913e-03
-2.168409000000000048e-03
-2.190333999999999944e-03
-2.207209999999999814e-03
-2.198795999999999824e-03
-2.185669999999999800e-03
-2.190717999999999919e-03
-2.206874000000000162e-03
-2.207690999999999907e-03
-2.180572999999999886e-03
-2.187929999999999823e-03
-2.203219000000000184e-03
-2.212210999999999952e-03
-2.192304999999999861e-03
-2.187400999999999842e-03
-2.201199999999999945e-03
-2.204277000000000146e-03
-2.188458999999999804e-03
-2.177399999999999908e-03
-2.194371999999999989e-03
-2.208797000000000191e-03
-2.197642000000000085e-03
-2.174515000000000128e-03
-2.177688000000000106e-03
-2.205335000000000108e-03
-2.203748000000000165e-03
-2.184948999999999832e-03
-2.188699000000000113e-03
-2.205864000000000089e-03
-2.199805999999999897e-03
-2.175717000000000189e-03
-2.183072999999999785e-03
-2.208411999999999875e-03
-2.200238000000000194e-03
-2.176438000000000157e-03
-2.182640999999999921e-03
-2.205672000000000101e-03
-2.206151999999999853e-03
-2.181053999999999979e-03
-2.182256000000000040e-03
-2.208171999999999999e-03
-2.203122999999999974e-03
-2.184274999999999845e-03
-2.178649999999999858e-03
-2.184179000000000068e-03
-2.193988000000000015e-03
-2.187544999999999941e-03
-2.175525000000000202e-03
-2.178793999999999956e-03
-2.203412000000000079e-03
-2.193314999999999935e-03
-2.170813000000000170e-03
-2.182111999999999941e-03
-2.208219999999999888e-03
-2.198844000000000146e-03
-2.165523999999999834e-03
-2.171197000000000144e-03
-2.196055000000000142e-03
-2.192785999999999954e-03
-2.179659999999999931e-03
-2.179083000000000062e-03
-2.202017000000000124e-03
-2.205335000000000108e-03
-2.190815000000000037e-03
-2.173360999999999956e-03
-2.178841999999999845e-03
-2.188650999999999791e-03
-2.179178999999999838e-03
-2.171822999999999809e-03
-2.190044999999999839e-03
-2.206151999999999853e-03
-2.185574000000000024e-03
-2.165620000000000045e-03
-2.171437999999999927e-03
-2.200670999999999964e-03
-2.176967000000000138e-03
-2.162110000000000073e-03
-2.178120999999999877e-03
-2.205816000000000200e-03
-2.192738000000000066e-03
-2.170716999999999959e-03
-2.173794000000000160e-03
-2.201007999999999958e-03
-2.194661000000000094e-03
-2.174034000000000036e-03
-2.177833000000000113e-03
-2.200526999999999865e-03
-2.207401999999999802e-03
-2.178601999999999969e-03
-2.166533999999999908e-03
-2.190670000000000030e-03
-2.200238000000000194e-03
-2.182351999999999816e-03
-2.177062999999999915e-03
-2.176438000000000157e-03
-2.195574999999999957e-03
-2.186631999999999985e-03
-2.172736000000000198e-03
-2.179804000000000030e-03
-2.192209000000000085e-03
-2.186103000000000005e-03
-2.176967000000000138e-03
-2.183650000000000087e-03
-2.202546000000000104e-03
-2.192209000000000085e-03
-2.175139999999999886e-03
-2.171677999999999803e-03
-2.202546000000000104e-03
-2.200189999999999872e-03
-2.179083000000000062e-03
-2.178793999999999956e-03
-2.203170999999999862e-03
-2.198795999999999824e-03
-2.178169000000000199e-03
-2.178890000000000167e-03
-2.200286999999999989e-03
-2.199516999999999792e-03
-2.180188999999999912e-03
-2.177304000000000132e-03
-2.199758000000000008e-03
-2.209566000000000047e-03
-2.191343000000000110e-03
-2.176005999999999860e-03
-2.193267000000000046e-03
-2.201199999999999945e-03
-2.187641000000000151e-03
-2.173697999999999950e-03
-2.179612000000000042e-03
-2.196680999999999807e-03
-2.191775999999999881e-03
-2.178409999999999982e-03
-2.181293999999999855e-03
-2.204614000000000140e-03
-2.202017000000000124e-03
-2.173457000000000167e-03
-2.176438000000000157e-03
-2.202402000000000006e-03
-2.194756999999999871e-03
-2.170571999999999953e-03
-2.172494999999999982e-03
-2.201728999999999926e-03
-2.211489000000000076e-03
-2.178601999999999969e-03
-2.163168000000000035e-03
-2.180766000000000215e-03
-2.199660999999999891e-03
-2.179756000000000141e-03
-2.161725000000000192e-03
-2.175236000000000097e-03
-2.198171000000000066e-03
-2.181630999999999848e-03
-2.162062000000000185e-03
-2.176246000000000170e-03
-2.190430000000000155e-03
-2.186342999999999880e-03
-2.169418000000000214e-03
-2.178361000000000186e-03
-2.199036000000000133e-03
-2.187784999999999817e-03
-2.166533999999999908e-03
-2.172302999999999994e-03
-2.199997999999999884e-03
-2.192690000000000177e-03
-2.173697999999999950e-03
-2.164080999999999991e-03
-2.188986999999999877e-03
-2.191102999999999801e-03
-2.174995999999999787e-03
-2.173842000000000049e-03
-2.191246999999999900e-03
-2.199084000000000021e-03
-2.179804000000000030e-03
-2.166869999999999994e-03
-2.185381000000000129e-03
-2.189180000000000206e-03
-2.169130000000000016e-03
-2.166293000000000125e-03
-2.177255999999999810e-03
-2.203122999999999974e-03
-2.196055000000000142e-03
-2.170619999999999841e-03
-2.167975999999999844e-03
-2.191680000000000104e-03
-2.195237999999999964e-03
-2.182256000000000040e-03
-2.180091999999999794e-03
-2.189804999999999963e-03
-2.192256999999999973e-03
-2.168504999999999825e-03
-2.173121000000000080e-03
-2.195719000000000056e-03
-2.192112999999999874e-03
-2.171197000000000144e-03
-2.164128999999999879e-03
-2.184755999999999938e-03
-2.198218999999999954e-03
-2.181822999999999835e-03
-2.170813000000000170e-03
-2.182303999999999928e-03
-2.193843999999999916e-03
-2.175620999999999979e-03
-2.159802000000000163e-03
-2.170284000000000189e-03
-2.192112999999999874e-03
-2.186968000000000072e-03
-2.166630000000000118e-03
-2.180091999999999794e-03
-2.199421000000000015e-03
-2.190141000000000050e-03
-2.169514999999999898e-03
-2.173505000000000055e-03
-2.198892000000000034e-03
-2.191967999999999868e-03
-2.177015000000000026e-03
-2.170235999999999867e-03
-2.188121999999999810e-03
-2.190381999999999833e-03
-2.172206999999999784e-03
-2.170668000000000163e-03
-2.191246999999999900e-03
-2.202641999999999881e-03
-2.177833000000000113e-03
-2.155570999999999789e-03
-2.168985999999999918e-03
-2.194227999999999890e-03
-2.176102000000000071e-03
-2.159995000000000057e-03
-2.176678999999999940e-03
-2.200718999999999852e-03
-2.185045000000000043e-03
-2.166630000000000118e-03
-2.170908999999999946e-03
-2.194132000000000113e-03
-2.188938999999999989e-03
-2.174755000000000004e-03
-2.171822999999999809e-03
-2.201152000000000056e-03
-2.196872999999999795e-03
-2.172448000000000001e-03
-2.171485999999999816e-03
-2.190286000000000056e-03
-2.189228000000000094e-03
-2.163600999999999806e-03
-2.166966000000000205e-03
-2.187784999999999817e-03
-2.192641999999999855e-03
-2.174995999999999787e-03
-2.164514000000000195e-03
-2.182064000000000052e-03
-2.195574999999999957e-03
-2.165812000000000032e-03
-2.155522999999999901e-03
-2.176678999999999940e-03
-2.197594000000000197e-03
-2.178169000000000199e-03
-2.159129000000000083e-03
-2.168311999999999930e-03
-2.197881999999999961e-03
-2.189996999999999951e-03
-2.161918000000000086e-03
-2.165523999999999834e-03
-2.189036000000000107e-03
-2.192016000000000190e-03
-2.163360000000000023e-03
-2.158456000000000003e-03
-2.186823999999999973e-03
-2.190141000000000050e-03
-2.165428000000000058e-03
-2.161676999999999869e-03
-2.188265999999999909e-03
-2.198507000000000152e-03
-2.175236000000000097e-03
-2.154801999999999933e-03
-2.173121000000000080e-03
-2.182593000000000033e-03
-2.175283999999999985e-03
-2.166244999999999803e-03
-2.179130999999999950e-03
-2.194998000000000088e-03
-2.184324000000000075e-03
-2.165764000000000144e-03
-2.171629999999999915e-03
-2.203267999999999980e-03
-2.193169999999999929e-03
-2.176918999999999816e-03
-2.180043999999999906e-03
-2.193074000000000152e-03
-2.180572999999999886e-03
-2.181919999999999953e-03
-2.173023999999999963e-03
-2.189949000000000062e-03
-2.191775999999999881e-03
-2.166004999999999927e-03
-2.170524000000000064e-03
-2.190765999999999807e-03
-2.200815000000000063e-03
-2.174995999999999787e-03
-2.157014000000000067e-03
-2.181390999999999972e-03
-2.198507000000000152e-03
-2.175765000000000077e-03
-2.159610000000000175e-03
-2.174274999999999819e-03
-2.182351999999999816e-03
-2.172302999999999994e-03
-2.174371000000000029e-03
-2.177399999999999908e-03
-2.192209000000000085e-03
-2.179322999999999937e-03
-2.169850999999999985e-03
-2.169562999999999787e-03
-2.181293999999999855e-03
-2.177352000000000020e-03
-2.157927000000000022e-03
-2.166869999999999994e-03
-2.199036000000000133e-03
-2.198123000000000177e-03
-2.170476000000000176e-03
-2.163552000000000010e-03
-2.177639999999999784e-03
-2.193314999999999935e-03
-2.173071999999999851e-03
-2.157735000000000035e-03
-2.174707000000000116e-03
-2.189323999999999871e-03
-2.170476000000000176e-03
-2.159610000000000175e-03
-2.177881000000000001e-03
-2.190815000000000037e-03
-2.177977000000000211e-03
-2.162399000000000179e-03
-2.162494999999999955e-03
-2.189323999999999871e-03
-2.177207000000000014e-03
-2.157782999999999923e-03
-2.167927999999999956e-03
-2.191967999999999868e-03
-2.192016000000000190e-03
-2.160860000000000124e-03
-2.159995000000000057e-03
-2.190381999999999833e-03
-2.188938999999999989e-03
-2.171245999999999940e-03
-2.162447000000000067e-03
-2.185140999999999820e-03
-2.193074000000000152e-03
-2.166581999999999796e-03
-2.162734999999999831e-03
-2.183795000000000094e-03
-2.198458999999999830e-03
-2.176678999999999940e-03
-2.163504000000000121e-03
-2.173265000000000179e-03
-2.191439999999999794e-03
-2.177833000000000113e-03
-2.152686000000000009e-03
-2.170716999999999959e-03
-2.191632000000000215e-03
-2.183072999999999785e-03
-2.168888999999999800e-03
-2.176533999999999934e-03
-2.196055000000000142e-03
-2.183024999999999896e-03
-2.172400000000000112e-03
-2.165620000000000045e-03
-2.189083000000000088e-03
-2.194227999999999890e-03
-2.173360999999999956e-03
-2.170476000000000176e-03
-2.197497999999999986e-03
-2.195093999999999865e-03
-2.175380000000000195e-03
-2.170908999999999946e-03
-2.192690000000000177e-03
-2.198171000000000066e-03
-2.185669999999999800e-03
-2.164465999999999873e-03
-2.177591999999999896e-03
-2.195526000000000161e-03
-2.183650000000000087e-03
-2.166149000000000026e-03
-2.176149999999999959e-03
-2.193988000000000015e-03
-2.177399999999999908e-03
-2.169369999999999892e-03
-2.180043999999999906e-03
-2.205094999999999798e-03
-2.188313999999999798e-03
-2.164514000000000195e-03
-2.177207000000000014e-03
-2.185621999999999912e-03
-2.181245999999999966e-03
-2.164128999999999879e-03
-2.158792000000000089e-03
-2.185092999999999931e-03
-2.192448999999999960e-03
-2.172494999999999982e-03
-2.160716000000000026e-03
-2.185429000000000017e-03
-2.187641000000000151e-03
-2.173168999999999969e-03
-2.159610000000000175e-03
-2.170716999999999959e-03
-2.188507000000000126e-03
-2.176197999999999848e-03
-2.156869000000000060e-03
-2.162878999999999930e-03
-2.184611999999999839e-03
-2.180909999999999880e-03
-2.153648000000000194e-03
-2.157735000000000035e-03
-2.186534999999999868e-03
-2.183553999999999877e-03
-2.157974999999999911e-03
-2.164080999999999991e-03
-2.187784999999999817e-03
-2.182495999999999915e-03
-2.157974999999999911e-03
-2.162254000000000172e-03
-2.192496999999999849e-03
-2.189709000000000187e-03
-2.168985999999999918e-03
-2.156772999999999850e-03
-2.178746000000000068e-03
-2.189709000000000187e-03
-2.164128999999999879e-03
-2.158216000000000127e-03
-2.175620999999999979e-03
-2.192448999999999960e-03
-2.174323000000000141e-03
-2.155522999999999901e-03
-2.160474999999999809e-03
-2.178120999999999877e-03
-2.179467000000000036e-03
-2.156100000000000204e-03
-2.158071000000000121e-03
-2.183361999999999890e-03
-2.181487000000000183e-03
-2.153935999999999958e-03
-2.153119000000000213e-03
-2.184226999999999957e-03
-2.185332999999999807e-03
-2.159897999999999939e-03
-2.156964999999999837e-03
-2.182495999999999915e-03
-2.195574999999999957e-03
-2.160379000000000032e-03
-2.147734000000000101e-03
-2.177399999999999908e-03
-2.185237000000000030e-03
-2.162494999999999955e-03
-2.151773000000000054e-03
-2.170476000000000176e-03
-2.196392000000000136e-03
-2.175525000000000202e-03
-2.153023000000000003e-03
-2.175717000000000189e-03
-2.191246999999999900e-03
-2.169658999999999997e-03
-2.153359000000000089e-03
-2.158552000000000214e-03
-2.185526000000000135e-03
-2.178169000000000199e-03
-2.160426999999999920e-03
-2.163936999999999892e-03
-2.190381999999999833e-03
-2.179130999999999950e-03
-2.146290999999999824e-03
-2.162447000000000067e-03
-2.185718000000000123e-03
-2.183890999999999871e-03
-2.164178000000000109e-03
-2.162542999999999844e-03
-2.177062999999999915e-03
-2.175573000000000090e-03
-2.160187000000000045e-03
-2.149560999999999920e-03
-2.170524000000000064e-03
-2.180428999999999787e-03
-2.159753999999999841e-03
-2.148887999999999840e-03
-2.158937000000000096e-03
-2.175380000000000195e-03
-2.168745000000000134e-03
-2.159610000000000175e-03
-2.167351000000000086e-03
-2.188699000000000113e-03
-2.174274999999999819e-03
-2.161340999999999783e-03
-2.157206000000000054e-03
-2.182688999999999810e-03
-2.175909000000000176e-03
-2.165235000000000163e-03
-2.158263000000000108e-03
-2.175236000000000097e-03
-2.185381000000000129e-03
-2.155619000000000111e-03
-2.149128000000000149e-03
-2.179035000000000173e-03
-2.194324000000000101e-03
-2.170284000000000189e-03
-2.152781999999999786e-03
-2.162734999999999831e-03
-2.169755000000000208e-03
-2.158792000000000089e-03
-2.151580000000000159e-03
-2.165957000000000039e-03
-2.179514999999999925e-03
-2.163120000000000147e-03
-2.148887999999999840e-03
-2.158022999999999799e-03
-2.189228000000000094e-03
-2.175476999999999880e-03
-2.156916999999999949e-03
-2.157927000000000022e-03
-2.182159999999999829e-03
-2.179612000000000042e-03
-2.156003999999999993e-03
-2.153214999999999990e-03
-2.175044000000000109e-03
-2.181871000000000158e-03
-2.168024000000000166e-03
-2.149560999999999920e-03
-2.166581999999999796e-03
-2.182208000000000151e-03
-2.157687000000000146e-03
-2.140762000000000047e-03
-2.168311999999999930e-03
-2.176678999999999940e-03
-2.160282999999999821e-03
-2.151244000000000073e-03
-2.157590999999999936e-03
-2.180909999999999880e-03
-2.166725999999999895e-03
-2.159321000000000070e-03
-2.168361000000000160e-03
-2.177160000000000033e-03
-2.168409000000000048e-03
-2.150667000000000204e-03
-2.158216000000000127e-03
-2.184226999999999957e-03
-2.175957000000000065e-03
-2.146676000000000140e-03
-2.150954999999999968e-03
-2.173842000000000049e-03
-2.175139999999999886e-03
-2.155330999999999914e-03
-2.150137999999999789e-03
-2.174081999999999924e-03
-2.180524999999999998e-03
-2.160619999999999815e-03
-2.156435999999999856e-03
-2.178169000000000199e-03
-2.175957000000000065e-03
-2.148984000000000050e-03
-2.144753000000000111e-03
-2.167206999999999988e-03
-2.189036000000000107e-03
-2.157350000000000153e-03
-2.135473000000000145e-03
-2.150042000000000012e-03
-2.183650000000000087e-03
-2.160955999999999901e-03
-2.148936000000000162e-03
-2.149752999999999907e-03
-2.156485000000000086e-03
-2.156724999999999962e-03
-2.149560999999999920e-03
-2.164322000000000207e-03
-2.184900000000000037e-03
-2.180188999999999912e-03
-2.151196000000000184e-03
-2.142782000000000193e-03
-2.161292999999999895e-03
-2.174418999999999918e-03
-2.153167000000000102e-03
-2.145569999999999856e-03
-2.167688000000000080e-03
-2.178506000000000192e-03
-2.158889000000000207e-03
-2.141001999999999923e-03
-2.166869999999999994e-03
-2.174034000000000036e-03
-2.159224999999999860e-03
-2.148695999999999853e-03
-2.164946999999999965e-03
-2.178890000000000167e-03
-2.170332000000000077e-03
-2.147973999999999977e-03
-2.147542000000000114e-03
-2.176631000000000052e-03
-2.171148999999999822e-03
-2.156724999999999962e-03
-2.159081000000000194e-03
-2.180043999999999906e-03
-2.174900000000000010e-03
-2.162975000000000141e-03
-2.146819999999999805e-03
-2.167927999999999956e-03
-2.175283999999999985e-03
-2.165186999999999841e-03
-2.155908000000000217e-03
-2.172879999999999864e-03
-2.179514999999999925e-03
-2.161870000000000198e-03
-2.148550999999999846e-03
-2.164322000000000207e-03
-2.173408999999999845e-03
-2.157735000000000035e-03
-2.156340000000000080e-03
-2.155812000000000006e-03
-2.180766000000000215e-03
-2.167688000000000080e-03
-2.148647000000000057e-03
-2.157253999999999942e-03
-2.182159999999999829e-03
-2.176870999999999928e-03
-2.165715999999999822e-03
-2.158695999999999879e-03
-2.168696999999999812e-03
-2.179804000000000030e-03
-2.166630000000000118e-03
-2.162254000000000172e-03
-2.173457000000000167e-03
-2.182111999999999941e-03
-2.164657999999999860e-03
-2.156580999999999863e-03
-2.175765000000000077e-03
-2.182111999999999941e-03
-2.163360000000000023e-03
-2.153119000000000213e-03
-2.168264000000000042e-03
-2.184419999999999851e-03
-2.167590999999999962e-03
-2.155667000000000000e-03
-2.154898000000000143e-03
-2.189420000000000081e-03
-2.182208000000000151e-03
-2.144319999999999907e-03
-2.157253999999999942e-03
-2.176149999999999959e-03
-2.180909999999999880e-03
-2.158647999999999990e-03
-2.160042999999999946e-03
-2.188794999999999890e-03
-2.176054000000000183e-03
-2.147156999999999798e-03
-2.154849999999999821e-03
-2.180861999999999992e-03
-2.180958000000000202e-03
-2.160908000000000013e-03
-2.152302000000000035e-03
-2.170476000000000176e-03
-2.183650000000000087e-03
-2.159561999999999853e-03
-2.139993000000000190e-03
-2.162062000000000185e-03
-2.173505000000000055e-03
-2.154225000000000063e-03
-2.149368999999999932e-03
-2.160379000000000032e-03
-2.180428999999999787e-03
-2.160139000000000156e-03
-2.143503000000000162e-03
-2.158647999999999990e-03
-2.174755000000000004e-03
-2.166485000000000112e-03
-2.148936000000000162e-03
-2.156629000000000185e-03
-2.182351999999999816e-03
-2.175380000000000195e-03
-2.154320999999999840e-03
-2.153648000000000194e-03
-2.178938000000000055e-03
-2.182351999999999816e-03
-2.156195999999999981e-03
-2.146435999999999830e-03
-2.177977000000000211e-03
-2.178601999999999969e-03
-2.159129000000000083e-03
-2.151099000000000067e-03
-2.174129999999999813e-03
-2.184082999999999858e-03
-2.154464999999999939e-03
-2.141435000000000127e-03
-2.156435999999999856e-03
-2.173697999999999950e-03
-2.156677000000000073e-03
-2.144608000000000105e-03
-2.160042999999999946e-03
-2.181966999999999934e-03
-2.175139999999999886e-03
-2.149271999999999815e-03
-2.145906999999999849e-03
-2.175860999999999854e-03
-2.173986000000000147e-03
-2.154898000000000143e-03
-2.154177000000000175e-03
-2.179564000000000154e-03
-2.178506000000000192e-03
-2.154320999999999840e-03
-2.153023000000000003e-03
-2.171582000000000026e-03
-2.182208000000000151e-03
-2.157590999999999936e-03
-2.162013999999999863e-03
-2.169369999999999892e-03
-2.180380999999999899e-03
-2.160139000000000156e-03
-2.141867999999999897e-03
-2.156243999999999869e-03
-2.172639999999999988e-03
-2.158552000000000214e-03
-2.154128999999999853e-03
-2.154417000000000051e-03
-2.177399999999999908e-03
-2.168888999999999800e-03
-2.148358999999999859e-03
-2.150859000000000191e-03
-2.174563000000000017e-03
-2.176005999999999860e-03
-2.156485000000000086e-03
-2.149513000000000031e-03
-2.174707000000000116e-03
-2.177591999999999896e-03
-2.159321000000000070e-03
-2.166052999999999815e-03
-2.186247000000000103e-03
-2.177735999999999995e-03
-2.165043000000000176e-03
-2.156772999999999850e-03
-2.158216000000000127e-03
-2.170716999999999959e-03
-2.158889000000000207e-03
-2.142588999999999865e-03
-2.146724000000000028e-03
-2.171677999999999803e-03
-2.155427000000000124e-03
-2.140377000000000165e-03
-2.158408000000000115e-03
-2.181053999999999979e-03
-2.163360000000000023e-03
-2.146916000000000015e-03
-2.155185999999999907e-03
-2.178312999999999864e-03
-2.174129999999999813e-03
-2.152638000000000121e-03
-2.147734000000000101e-03
-2.163697000000000016e-03
-2.166581999999999796e-03
-2.148358999999999859e-03
-2.147397000000000108e-03
-2.169611000000000109e-03
-2.172976000000000074e-03
-2.146532000000000041e-03
-2.136963999999999878e-03
-2.169562999999999787e-03
-2.184852000000000148e-03
-2.164465999999999873e-03
-2.145089000000000197e-03
-2.156869000000000060e-03
-2.168409000000000048e-03
-2.156243999999999869e-03
-2.131001999999999896e-03
-2.157445999999999930e-03
-2.176294000000000058e-03
-2.161340999999999783e-03
-2.146147000000000159e-03
-2.154272999999999952e-03
-2.181390999999999972e-03
-2.174563000000000017e-03
-2.152446000000000133e-03
-2.152157000000000028e-03
-2.167111000000000211e-03
-2.169225999999999793e-03
-2.144464000000000006e-03
-2.139415999999999887e-03
-2.168745000000000134e-03
-2.178890000000000167e-03
-2.148550999999999846e-03
-2.140473999999999849e-03
-2.164994999999999854e-03
-2.168311999999999930e-03
-2.148455000000000070e-03
-2.138213999999999827e-03
-2.156677000000000073e-03
-2.168648999999999924e-03
-2.153167000000000102e-03
-2.140762000000000047e-03
-2.156340000000000080e-03
-2.168217000000000061e-03
-2.156869000000000060e-03
-2.143695000000000149e-03
-2.153599999999999872e-03
-2.175139999999999886e-03
-2.172111000000000007e-03
-2.147781999999999990e-03
-2.147829999999999878e-03
-2.166822000000000106e-03
-2.175620999999999979e-03
-2.148742999999999834e-03
-2.148358999999999859e-03
-2.167398999999999975e-03
-2.166822000000000106e-03
-2.146916000000000015e-03
-2.143935999999999932e-03
-2.164322000000000207e-03
-2.174707000000000116e-03
-2.147781999999999990e-03
-2.137492999999999858e-03
-2.159850000000000051e-03
-2.172879999999999864e-03
-2.158071000000000121e-03
-2.134126999999999986e-03
-2.143406999999999951e-03
-2.164322000000000207e-03
-2.149800999999999795e-03
-2.140280999999999954e-03
-2.125857000000000094e-03
-2.154464999999999939e-03
-2.165428000000000058e-03
-2.149657000000000130e-03
-2.153407999999999885e-03
-2.171726000000000125e-03
-2.163023999999999936e-03
-2.143117999999999846e-03
-2.139751999999999973e-03
-2.162591000000000166e-03
-2.167832000000000179e-03
-2.151675999999999936e-03
-2.127539999999999813e-03
-2.162928000000000160e-03
-2.177688000000000106e-03
-2.152446000000000133e-03
-2.135137000000000059e-03
-2.155570999999999789e-03
-2.175139999999999886e-03
-2.154080000000000057e-03
-2.138405999999999814e-03
-2.151483999999999949e-03
-2.167543000000000074e-03
-2.165523999999999834e-03
-2.151002999999999856e-03
-2.144416000000000117e-03
-2.160090999999999834e-03
-2.159995000000000057e-03
-2.147108999999999910e-03
-2.149320000000000137e-03
-2.164946999999999965e-03
-2.165235000000000163e-03
-2.144127999999999919e-03
-2.136675000000000206e-03
-2.159081000000000194e-03
-2.172302999999999994e-03
-2.151580000000000159e-03
-2.145713999999999955e-03
-2.169177999999999905e-03
-2.179227000000000160e-03
-2.150281999999999888e-03
-2.135424999999999823e-03
-2.157206000000000054e-03
-2.164706000000000182e-03
-2.149223999999999926e-03
-2.134895999999999842e-03
-2.147542000000000114e-03
-2.171437999999999927e-03
-2.152638000000000121e-03
-2.128261000000000215e-03
-2.146771999999999916e-03
-2.166725999999999895e-03
-2.153023000000000003e-03
-2.139751999999999973e-03
-2.151531999999999837e-03
-2.173265000000000179e-03
-2.164178000000000109e-03
-2.141099000000000040e-03
-2.138165999999999938e-03
-2.161197000000000118e-03
-2.176294000000000058e-03
-2.158792000000000089e-03
-2.147348999999999786e-03
-2.159995000000000057e-03
-2.158167999999999805e-03
-2.149320000000000137e-03
-2.146868000000000127e-03
-2.157687000000000146e-03
-2.161821999999999876e-03
-2.146771999999999916e-03
-2.138020999999999932e-03
-2.152878999999999904e-03
-2.173600999999999832e-03
-2.156243999999999869e-03
-2.135713999999999928e-03
-2.150137999999999789e-03
-2.178890000000000167e-03
-2.163312000000000134e-03
-2.138839000000000018e-03
-2.149031999999999939e-03
-2.172784000000000087e-03
-2.163504000000000121e-03
-2.144224000000000130e-03
-2.144704999999999789e-03
-2.163023999999999936e-03
-2.171197000000000144e-03
-2.148021999999999865e-03
-2.140185000000000178e-03
-2.170476000000000176e-03
-2.174081999999999924e-03
-2.145811000000000072e-03
-2.139751999999999973e-03
-2.154177000000000175e-03
-2.163360000000000023e-03
-2.145474000000000079e-03
-2.132972999999999814e-03
-2.153262999999999878e-03
-2.170668000000000163e-03
-2.152157000000000028e-03
-2.143166000000000168e-03
-2.153935999999999958e-03
-2.152541999999999910e-03
-2.141627000000000114e-03
-2.144127999999999919e-03
-2.151002999999999856e-03
-2.160571999999999927e-03
-2.152878999999999904e-03
-2.145185999999999881e-03
-2.144175999999999808e-03
-2.164417999999999984e-03
-2.154225000000000063e-03
-2.137155999999999865e-03
-2.135087999999999830e-03
-2.151820999999999942e-03
-2.159658000000000064e-03
-2.144030999999999802e-03
-2.133358000000000129e-03
-2.156485000000000086e-03
-2.174563000000000017e-03
-2.159513999999999965e-03
-2.119846999999999791e-03
-2.136387000000000008e-03
-2.159129000000000083e-03
-2.144945000000000098e-03
-2.118980999999999816e-03
-2.131866999999999963e-03
-2.155330999999999914e-03
-2.157445999999999930e-03
-2.135376999999999935e-03
-2.146627999999999818e-03
-2.171245999999999940e-03
-2.158263000000000108e-03
-2.138262000000000149e-03
-2.145713999999999955e-03
-2.172014999999999797e-03
-2.165523999999999834e-03
-2.146195000000000047e-03
-2.131530999999999877e-03
-2.167303000000000198e-03
-2.165091000000000064e-03
-2.137252000000000075e-03
-2.133069000000000024e-03
-2.153935999999999958e-03
-2.152302000000000035e-03
-2.132877000000000037e-03
-2.132203999999999957e-03
-2.144753000000000111e-03
-2.168024000000000166e-03
-2.143790999999999926e-03
-2.117346999999999892e-03
-2.130327999999999909e-03
-2.160331000000000144e-03
-2.153023000000000003e-03
-2.141001999999999923e-03
-2.134655999999999967e-03
-2.159273000000000182e-03
-2.149800999999999795e-03
-2.139848000000000184e-03
-2.144127999999999919e-03
-2.169369999999999892e-03
-2.165043000000000176e-03
-2.135424999999999823e-03
-2.138454000000000136e-03
-2.163071999999999825e-03
-2.172158999999999895e-03
-2.154849999999999821e-03
-2.138454000000000136e-03
-2.155041999999999808e-03
-2.168504999999999825e-03
-2.150233999999999999e-03
-2.135232999999999836e-03
-2.142445000000000200e-03
-2.157687000000000146e-03
-2.143887000000000136e-03
-2.126915000000000056e-03
-2.141675999999999910e-03
-2.158456000000000003e-03
-2.145666000000000066e-03
-2.128212999999999893e-03
-2.139176000000000012e-03
-2.162013999999999863e-03
-2.159321000000000070e-03
-2.140617999999999948e-03
-2.144945000000000098e-03
-2.170187999999999978e-03
-2.167351000000000086e-03
-2.149271999999999815e-03
-2.139656000000000197e-03
-2.149416999999999821e-03
-2.161773999999999987e-03
-2.145569999999999856e-03
-2.141099000000000040e-03
-2.163889000000000003e-03
-2.169177999999999905e-03
-2.145906999999999849e-03
-2.126722000000000161e-03
-2.143454999999999840e-03
-2.166244999999999803e-03
-2.145521999999999967e-03
-2.131482000000000081e-03
-2.146484000000000152e-03
-2.166101000000000137e-03
-2.147878000000000200e-03
-2.126289999999999864e-03
-2.138694999999999919e-03
-2.168745000000000134e-03
-2.161581000000000093e-03
-2.140714000000000158e-03
-2.148695999999999853e-03
-2.164754999999999978e-03
-2.150378000000000098e-03
-2.133213000000000123e-03
-2.141001999999999923e-03
-2.163600999999999806e-03
-2.167495000000000185e-03
-2.146484000000000152e-03
-2.138742999999999807e-03
-2.165523999999999834e-03
-2.171053000000000045e-03
-2.139176000000000012e-03
-2.133261000000000011e-03
-2.146195000000000047e-03
-2.164994999999999854e-03
-2.146290999999999824e-03
-2.130905000000000212e-03
-2.151628000000000047e-03
-2.172784000000000087e-03
-2.149416999999999821e-03
-2.135329000000000046e-03
-2.149994000000000124e-03
-2.172736000000000198e-03
-2.164080999999999991e-03
-2.124607000000000145e-03
-2.142156000000000095e-03
-2.164899000000000077e-03
-2.163600999999999806e-03
-2.136626999999999884e-03
-2.139176000000000012e-03
-2.161436999999999994e-03
-2.157879000000000134e-03
-2.141867999999999897e-03
-2.135616999999999811e-03
-2.154512999999999828e-03
-2.163744999999999905e-03
-2.144127999999999919e-03
-2.138213999999999827e-03
-2.154320999999999840e-03
-2.177833000000000113e-03
-2.147542000000000114e-03
-2.122586999999999998e-03
-2.131385999999999871e-03
-2.163841000000000115e-03
-2.160860000000000124e-03
-2.136002000000000126e-03
-2.146435999999999830e-03
-2.172784000000000087e-03
-2.150330000000000210e-03
-2.129030000000000072e-03
-2.127731999999999801e-03
-2.152878999999999904e-03
-2.152541999999999910e-03
-2.134510999999999960e-03
-2.153262999999999878e-03
-2.177062999999999915e-03
-2.163744999999999905e-03
-2.138647000000000031e-03
-2.133021000000000136e-03
-2.151436000000000060e-03
-2.156964999999999837e-03
-2.131001999999999896e-03
-2.131337999999999983e-03
-2.157061999999999955e-03
-2.158263000000000108e-03
-2.137012000000000200e-03
-2.130954000000000008e-03
-2.150715000000000092e-03
-2.161484999999999882e-03
-2.141867999999999897e-03
-2.126962999999999944e-03
-2.139078999999999894e-03
-2.161003999999999790e-03
-2.147253000000000009e-03
-2.131385999999999871e-03
-2.146627999999999818e-03
-2.172158999999999895e-03
-2.154609000000000038e-03
-2.132058999999999951e-03
-2.139799999999999862e-03
-2.160042999999999946e-03
-2.159032999999999872e-03
-2.138454000000000136e-03
-2.139127000000000216e-03
-2.161340999999999783e-03
-2.169850999999999985e-03
-2.142011999999999996e-03
-2.139223999999999900e-03
-2.160811999999999802e-03
-2.163168000000000035e-03
-2.137541000000000180e-03
-2.129896000000000046e-03
-2.144175999999999808e-03
-2.157109999999999844e-03
-2.137733000000000168e-03
-2.124944000000000138e-03
-2.138165999999999938e-03
-2.167446999999999863e-03
-2.141001999999999923e-03
-2.122155000000000135e-03
-2.127683999999999912e-03
-2.173071999999999851e-03
-2.172014999999999797e-03
-2.151580000000000159e-03
-2.144704999999999789e-03
-2.168648999999999924e-03
-2.162542999999999844e-03
-2.144511999999999894e-03
-2.140665999999999836e-03
-2.158263000000000108e-03
-2.159418000000000188e-03
-2.151820999999999942e-03
-2.151244000000000073e-03
-2.168888999999999800e-03
-2.178409999999999982e-03
-2.156964999999999837e-03
-2.136770999999999983e-03
-2.148358999999999859e-03
-2.165380000000000169e-03
-2.151388000000000172e-03
-2.134366999999999862e-03
-2.146435999999999830e-03
-2.168119999999999943e-03
-2.153262999999999878e-03
-2.142540999999999977e-03
-2.139127000000000216e-03
-2.164657999999999860e-03
-2.161533000000000204e-03
-2.134752000000000177e-03
-2.144319999999999907e-03
-2.162494999999999955e-03
-2.161052000000000112e-03
-2.138502000000000024e-03
-2.136145999999999791e-03
-2.156964999999999837e-03
-2.153262999999999878e-03
-2.137541000000000180e-03
-2.130425000000000027e-03
-2.153985000000000188e-03
-2.164178000000000109e-03
-2.147734000000000101e-03
-2.134944000000000165e-03
-2.146579999999999929e-03
-2.161628999999999981e-03
-2.150137999999999789e-03
-2.131290000000000094e-03
-2.138886999999999906e-03
-2.161581000000000093e-03
-2.151580000000000159e-03
-2.127973000000000017e-03
-2.131914999999999852e-03
-2.157974999999999911e-03
-2.162494999999999955e-03
-2.139320000000000110e-03
-2.132924999999999925e-03
-2.162302000000000061e-03
-2.154369000000000162e-03
-2.145234000000000203e-03
-2.137107999999999976e-03
-2.147590000000000002e-03
-2.166869999999999994e-03
-2.148695999999999853e-03
-2.137636999999999957e-03
-2.146340000000000053e-03
-2.159897999999999939e-03
-2.147734000000000101e-03
-2.138502000000000024e-03
-2.149416999999999821e-03
-2.153935999999999958e-03
-2.132587999999999932e-03
-2.119461999999999909e-03
-2.144175999999999808e-03
-2.163697000000000016e-03
-2.150281999999999888e-03
-2.124415000000000157e-03
-2.134895999999999842e-03
-2.157830999999999812e-03
-2.146340000000000053e-03
-2.131627000000000088e-03
-2.134895999999999842e-03
-2.158647999999999990e-03
-2.152878999999999904e-03
-2.132492000000000155e-03
-2.130905000000000212e-03
-2.153888000000000070e-03
-2.157735000000000035e-03
-2.132108000000000180e-03
-2.126578000000000062e-03
-2.145234000000000203e-03
-2.154754000000000044e-03
-2.137347999999999852e-03
-2.130425000000000027e-03
-2.144753000000000111e-03
-2.151099000000000067e-03
-2.138742999999999807e-03
-2.121192999999999950e-03
-2.136867000000000193e-03
-2.154320999999999840e-03
-2.137733000000000168e-03
-2.120134999999999988e-03
-2.129030000000000072e-03
-2.152060999999999818e-03
-2.145713999999999955e-03
-2.128598000000000209e-03
-2.146627999999999818e-03
-2.165331999999999847e-03
-2.166725999999999895e-03
-2.137012000000000200e-03
-2.133837999999999881e-03
-2.158456000000000003e-03
-2.155667000000000000e-03
-2.134415000000000184e-03
-2.136097999999999903e-03
-2.149994000000000124e-03
-2.166581999999999796e-03
-2.136915999999999989e-03
-2.131290000000000094e-03
-2.155233999999999796e-03
-2.164417999999999984e-03
-2.135232999999999836e-03
-2.124558999999999823e-03
-2.134992000000000053e-03
-2.157350000000000153e-03
-2.144272000000000018e-03
-2.120327999999999883e-03
-2.139320000000000110e-03
-2.162254000000000172e-03
-2.153119000000000213e-03
-2.134223000000000196e-03
-2.138213999999999827e-03
-2.155667000000000000e-03
-2.148742999999999834e-03
-2.126289999999999864e-03
-2.128020999999999906e-03
-2.160523000000000131e-03
-2.156340000000000080e-03
-2.134126999999999986e-03
-2.130664999999999903e-03
-2.152781999999999786e-03
-2.157927000000000022e-03
-2.138694999999999919e-03
-2.139176000000000012e-03
-2.144127999999999919e-03
-2.160474999999999809e-03
-2.136531000000000107e-03
-2.124463000000000046e-03
-2.142637000000000187e-03
-2.149945999999999802e-03
-2.135953999999999804e-03
-2.117299000000000004e-03
-2.129127000000000190e-03
-2.151436000000000060e-03
-2.146819999999999805e-03
-2.126530000000000174e-03
-2.132829000000000148e-03
-2.157830999999999812e-03
-2.147205000000000120e-03
-2.133887000000000110e-03
-2.139993000000000190e-03
-2.155522999999999901e-03
-2.153696000000000083e-03
-2.137733000000000168e-03
-2.132300000000000167e-03
-2.151965000000000041e-03
-2.163120000000000147e-03
-2.136145999999999791e-03
-2.129751000000000040e-03
-2.151531999999999837e-03
-2.163360000000000023e-03
-2.147492999999999885e-03
-2.131771000000000187e-03
-2.137973000000000044e-03
-2.148021999999999865e-03
-2.134992000000000053e-03
-2.127539999999999813e-03
-2.132108000000000180e-03
-2.148213999999999853e-03
-2.131049999999999785e-03
-2.121482000000000055e-03
-2.140665999999999836e-03
-2.154706000000000156e-03
-2.148984000000000050e-03
-2.137733000000000168e-03
-2.132203999999999957e-03
-2.152638000000000121e-03
-2.144753000000000111e-03
-2.129077999999999960e-03
-2.127444000000000036e-03
-2.151196000000000184e-03
-2.157061999999999955e-03
-2.136290999999999798e-03
-2.127636000000000024e-03
-2.149849000000000118e-03
-2.161581000000000093e-03
-2.130569000000000126e-03
-2.117972000000000084e-03
-2.145234000000000203e-03
-2.154128999999999853e-03
-2.138647000000000031e-03
-2.113499999999999927e-03
-2.124558999999999823e-03
-2.145618000000000178e-03
-2.148455000000000070e-03
-2.131627000000000088e-03
-2.136626999999999884e-03
-2.154128999999999853e-03
-2.155522999999999901e-03
-2.120905000000000186e-03
-2.123549000000000183e-03
-2.153023000000000003e-03
-2.161052000000000112e-03
-2.134415000000000184e-03
-2.145713999999999955e-03
-2.164225999999999997e-03
-2.152638000000000121e-03
-2.132972999999999814e-03
-2.127973000000000017e-03
-2.156772999999999850e-03
-2.170861000000000058e-03
-2.136531000000000107e-03
-2.125136000000000126e-03
-2.148936000000000162e-03
-2.156772999999999850e-03
-2.139320000000000110e-03
-2.121192999999999950e-03
-2.131771000000000187e-03
-2.155956000000000105e-03
-2.139176000000000012e-03
-2.128741999999999874e-03
-2.132251999999999845e-03
-2.149560999999999920e-03
-2.145426000000000191e-03
-2.123068000000000091e-03
-2.124558999999999823e-03
-2.150570999999999993e-03
-2.146627999999999818e-03
-2.130232000000000132e-03
-2.136578999999999996e-03
-2.162494999999999955e-03
-2.163455999999999799e-03
-2.136675000000000206e-03
-2.133598000000000005e-03
-2.149176000000000038e-03
-2.159610000000000175e-03
-2.138983000000000117e-03
-2.129127000000000190e-03
-2.137973000000000044e-03
-2.153262999999999878e-03
-2.136770999999999983e-03
-2.134608000000000078e-03
-2.146435999999999830e-03
-2.155138000000000019e-03
-2.139078999999999894e-03
-2.129704000000000059e-03
-2.145713999999999955e-03
-2.162399000000000179e-03
-2.156435999999999856e-03
-2.143503000000000162e-03
-2.145521999999999967e-03
-2.158792000000000089e-03
-2.154993999999999920e-03
-2.133213000000000123e-03
-2.138454000000000136e-03
-2.166244999999999803e-03
-2.169130000000000016e-03
-2.146050999999999948e-03
-2.136675000000000206e-03
-2.160379000000000032e-03
-2.168696999999999812e-03
-2.153407999999999885e-03
-2.133069000000000024e-03
-2.147829999999999878e-03
-2.159610000000000175e-03
-2.148984000000000050e-03
-2.137155999999999865e-03
-2.143261999999999945e-03
-2.166101000000000137e-03
-2.150281999999999888e-03
-2.130761000000000113e-03
-2.137541000000000180e-03
-2.157445999999999930e-03
-2.144897000000000210e-03
-2.137012000000000200e-03
-2.145282000000000092e-03
-2.173842000000000049e-03
-2.159897999999999939e-03
-2.136675000000000206e-03
-2.133116999999999912e-03
-2.150954999999999968e-03
-2.159753999999999841e-03
-2.136002000000000126e-03
-2.137492999999999858e-03
-2.164946999999999965e-03
-2.162399000000000179e-03
-2.133406000000000018e-03
-2.129798999999999928e-03
-2.142877999999999970e-03
-2.148599000000000168e-03
-2.124655000000000033e-03
-2.118645000000000164e-03
-2.138694999999999919e-03
-2.156387999999999968e-03
-2.134847999999999954e-03
-2.111768999999999886e-03
-2.124702999999999922e-03
-2.150042000000000012e-03
-2.145329999999999980e-03
-2.127636000000000024e-03
-2.136434999999999897e-03
-2.156243999999999869e-03
-2.148647000000000057e-03
-2.137684999999999846e-03
-2.135232999999999836e-03
-2.143503000000000162e-03
-2.154801999999999933e-03
-2.133934999999999998e-03
-2.135087999999999830e-03
-2.152157000000000028e-03
-2.159466000000000076e-03
-2.139176000000000012e-03
-2.131482000000000081e-03
-2.144127999999999919e-03
-2.149271999999999815e-03
-2.139223999999999900e-03
-2.131482000000000081e-03
-2.142253000000000213e-03
-2.154128999999999853e-03
-2.140280999999999954e-03
-2.129222000000000059e-03
-2.139944999999999868e-03
-2.156964999999999837e-03
-2.141243000000000139e-03
-2.124415000000000157e-03
-2.136434999999999897e-03
-2.165186999999999841e-03
-2.157735000000000035e-03
-2.136194000000000114e-03
-2.132972999999999814e-03
-2.152204999999999917e-03
-2.155908000000000217e-03
-2.140041000000000079e-03
-2.133406000000000018e-03
-2.151580000000000159e-03
-2.161484999999999882e-03
-2.131385999999999871e-03
-2.111865000000000096e-03
-2.145234000000000203e-03
-2.169611000000000109e-03
-2.138502000000000024e-03
-2.117395000000000214e-03
-2.133358000000000129e-03
-2.157590999999999936e-03
-2.142059999999999884e-03
-2.121384999999999937e-03
-2.132300000000000167e-03
-2.153407999999999885e-03
-2.141291000000000028e-03
-2.132684000000000142e-03
-2.139078999999999894e-03
-2.157590999999999936e-03
-2.148792000000000063e-03
-2.136145999999999791e-03
-2.140906000000000146e-03
-2.159897999999999939e-03
-2.157109999999999844e-03
-2.140665999999999836e-03
-2.126144999999999858e-03
-2.151917000000000153e-03
-2.164946999999999965e-03
-2.142059999999999884e-03
-2.137684999999999846e-03
-2.152975000000000114e-03
-2.159418000000000188e-03
-2.143838999999999814e-03
-2.131771000000000187e-03
-2.145089000000000197e-03
-2.165957000000000039e-03
-2.144030999999999802e-03
-2.123405000000000084e-03
-2.136387000000000008e-03
-2.157158000000000166e-03
-2.151868999999999831e-03
-2.134992000000000053e-03
-2.140617999999999948e-03
-2.157301999999999831e-03
-2.150473999999999875e-03
-2.140906000000000146e-03
-2.140570000000000059e-03
-2.158839999999999978e-03
-2.163841000000000115e-03
-2.130472999999999915e-03
-2.132732999999999938e-03
-2.154609000000000038e-03
-2.157445999999999930e-03
-2.143887000000000136e-03
-2.137876999999999833e-03
-2.152012999999999929e-03
-2.158937000000000096e-03
-2.148839999999999952e-03
-2.131530999999999877e-03
-2.140280999999999954e-03
-2.153599999999999872e-03
-2.148887999999999840e-03
-2.131098000000000107e-03
-2.135329000000000046e-03
-2.154512999999999828e-03
-2.143503000000000162e-03
-2.126962999999999944e-03
-2.127923999999999788e-03
-2.165380000000000169e-03
-2.152446000000000133e-03
-2.123068000000000091e-03
-2.130377000000000139e-03
-2.151868999999999831e-03
-2.158456000000000003e-03
-2.151628000000000047e-03
-2.137876999999999833e-03
-2.160571999999999927e-03
-2.162639000000000054e-03
-2.147444999999999996e-03
-2.138839000000000018e-03
-2.146676000000000140e-03
-2.162542999999999844e-03
-2.145618000000000178e-03
-2.130377000000000139e-03
-2.133550000000000117e-03
-2.156148000000000092e-03
-2.145426000000000191e-03
-2.134510999999999960e-03
-2.139270999999999881e-03
-2.159081000000000194e-03
-2.142732999999999964e-03
-2.122490999999999788e-03
-2.128982000000000183e-03
-2.152975000000000114e-03
-2.154754000000000044e-03
-2.134895999999999842e-03
-2.144272000000000018e-03
-2.169995000000000084e-03
-2.165523999999999834e-03
-2.141386999999999805e-03
-2.138357999999999925e-03
-2.150425999999999987e-03
-2.161918000000000086e-03
-2.139078999999999894e-03
-2.127202999999999820e-03
-2.156532999999999974e-03
-2.154369000000000162e-03
-2.130040000000000145e-03
-2.121192999999999950e-03
-2.136531000000000107e-03
-2.155667000000000000e-03
-2.144416000000000117e-03
-2.134992000000000053e-03
-2.152349999999999923e-03
-2.161197000000000118e-03
-2.144897000000000210e-03
-2.122586999999999998e-03
-2.128453000000000202e-03
-2.150762999999999980e-03
-2.137876999999999833e-03
-2.132829000000000148e-03
-2.137828999999999945e-03
-2.161484999999999882e-03
-2.161581000000000093e-03
-2.131722999999999865e-03
-2.132108000000000180e-03
-2.161292999999999895e-03
-2.162062000000000185e-03
-2.142156000000000095e-03
-2.135953999999999804e-03
-2.149223999999999926e-03
-2.164562000000000083e-03
-2.142348999999999989e-03
-2.133453999999999906e-03
-2.142540999999999977e-03
-2.154369000000000162e-03
-2.144127999999999919e-03
-2.127636000000000024e-03
-2.131530999999999877e-03
-2.147205000000000120e-03
-2.142445000000000200e-03
-2.128501000000000091e-03
-2.143982999999999913e-03
-2.168456999999999937e-03
-2.157014000000000067e-03
-2.126386000000000075e-03
-2.136578999999999996e-03
-2.165186999999999841e-03
-2.164802999999999866e-03
-2.140617999999999948e-03
-2.138262000000000149e-03
-2.158216000000000127e-03
-2.152686000000000009e-03
-2.129367000000000065e-03
-2.134992000000000053e-03
-2.151725000000000165e-03
-2.155522999999999901e-03
-2.138165999999999938e-03
-2.131627000000000088e-03
-2.152830000000000108e-03
-2.158216000000000127e-03
-2.134318999999999973e-03
-2.133453999999999906e-03
-2.162350999999999857e-03
-2.168264000000000042e-03
-2.146290999999999824e-03
-2.137925000000000155e-03
-2.146676000000000140e-03
-2.165957000000000039e-03
-2.155138000000000019e-03
-2.148647000000000057e-03
-2.161773999999999987e-03
-2.167495000000000185e-03
-2.150907000000000079e-03
-2.137733000000000168e-03
-2.150523000000000105e-03
-2.166678000000000007e-03
-2.163455999999999799e-03
-2.139223999999999900e-03
-2.134655999999999967e-03
-2.171677999999999803e-03
-2.172350999999999883e-03
-2.156435999999999856e-03
-2.149320000000000137e-03
-2.161245000000000006e-03
-2.167351000000000086e-03
-2.150281999999999888e-03
-2.140857999999999824e-03
-2.151483999999999949e-03
-2.170332000000000077e-03
-2.155041999999999808e-03
-2.137060000000000088e-03
-2.145282000000000092e-03
-2.154512999999999828e-03
-2.143551000000000050e-03
-2.129511000000000164e-03
-2.135616999999999811e-03
-2.166004999999999927e-03
-2.159321000000000070e-03
-2.134415000000000184e-03
-2.136097999999999903e-03
-2.157350000000000153e-03
-2.153840000000000181e-03
-2.134318999999999973e-03
-2.130569000000000126e-03
-2.148839999999999952e-03
-2.169706999999999886e-03
-2.143503000000000162e-03
-2.129751000000000040e-03
-2.151483999999999949e-03
-2.160139000000000156e-03
-2.129559000000000053e-03
-2.121432999999999826e-03
-2.148695999999999853e-03
-2.172687999999999876e-03
-2.156485000000000086e-03
-2.131242000000000206e-03
-2.140906000000000146e-03
-2.160474999999999809e-03
-2.148550999999999846e-03
-2.127299000000000030e-03
-2.134944000000000165e-03
-2.160426999999999920e-03
-2.155619000000000111e-03
-2.133358000000000129e-03
-2.143503000000000162e-03
-2.156821000000000172e-03
-2.161918000000000086e-03
-2.154609000000000038e-03
-2.131914999999999852e-03
-2.151291999999999961e-03
-2.156869000000000060e-03
-2.134366999999999862e-03
-2.132251999999999845e-03
-2.156724999999999962e-03
-2.166533999999999908e-03
-2.148118999999999983e-03
-2.130040000000000145e-03
-2.140857999999999824e-03
-2.158647999999999990e-03
-2.141194999999999817e-03
-2.130905000000000212e-03
-2.141386999999999805e-03
-2.161821999999999876e-03
-2.150137999999999789e-03
-2.140377000000000165e-03
-2.133358000000000129e-03
-2.156195999999999981e-03
-2.152204999999999917e-03
-2.138934999999999795e-03
-2.136867000000000193e-03
-2.165428000000000058e-03
-2.155570999999999789e-03
-2.139944999999999868e-03
-2.143214000000000057e-03
-2.162686999999999943e-03
-2.162302000000000061e-03
-2.142108000000000206e-03
-2.130425000000000027e-03
-2.148021999999999865e-03
-2.158311999999999904e-03
-2.143406999999999951e-03
-2.131914999999999852e-03
-2.146676000000000140e-03
-2.156148000000000092e-03
-2.143598999999999938e-03
-2.130377000000000139e-03
-2.143069999999999958e-03
-2.159466000000000076e-03
-2.145618000000000178e-03
-2.131914999999999852e-03
-2.145666000000000066e-03
-2.166773999999999784e-03
-2.151773000000000054e-03
-2.128549999999999887e-03
-2.136531000000000107e-03
-2.161581000000000093e-03
-2.163600999999999806e-03
-2.136434999999999897e-03
-2.145089000000000197e-03
-2.166822000000000106e-03
-2.163936999999999892e-03
-2.133021000000000136e-03
-2.131771000000000187e-03
-2.157879000000000134e-03
-2.156003999999999993e-03
-2.144800999999999999e-03
-2.133261000000000011e-03
-2.147973999999999977e-03
-2.160426999999999920e-03
-2.131627000000000088e-03
-2.128020999999999906e-03
-2.145521999999999967e-03
-2.161436999999999994e-03
-2.144992999999999986e-03
-2.127683999999999912e-03
-2.134031000000000209e-03
-2.155812000000000006e-03
-2.143982999999999913e-03
-2.128501000000000091e-03
-2.132635999999999820e-03
-2.162302000000000061e-03
-2.156243999999999869e-03
-2.133887000000000110e-03
-2.143982999999999913e-03
-2.158119000000000010e-03
-2.151483999999999949e-03
-2.136818999999999871e-03
-2.132443999999999833e-03
-2.151099000000000067e-03
-2.159658000000000064e-03
-2.142540999999999977e-03
-2.131914999999999852e-03
-2.150954999999999968e-03
-2.166725999999999895e-03
-2.146050999999999948e-03
-2.123789000000000059e-03
-2.129559000000000053e-03
-2.152878999999999904e-03
-2.141194999999999817e-03
-2.132443999999999833e-03
-2.141915999999999785e-03
-2.147397000000000108e-03
-2.143743000000000037e-03
-2.135665000000000133e-03
-2.146340000000000053e-03
-2.166149000000000026e-03
-2.163312000000000134e-03
-2.140617999999999948e-03
-2.137107999999999976e-03
-2.158695999999999879e-03
-2.150810999999999869e-03
-2.139415999999999887e-03
-2.141386999999999805e-03
-2.156916999999999949e-03
-2.164128999999999879e-03
-2.137444000000000063e-03
-2.130183999999999810e-03
-2.154609000000000038e-03
-2.158600000000000102e-03
-2.139607999999999875e-03
-2.124270000000000151e-03
-2.137541000000000180e-03
-2.160139000000000156e-03
-2.138213999999999827e-03
-2.118211999999999959e-03
-2.141915999999999785e-03
-2.163407999999999911e-03
-2.145811000000000072e-03
-2.134800000000000066e-03
-2.152204999999999917e-03
-2.160811999999999802e-03
-2.141867999999999897e-03
-2.131627000000000088e-03
-2.140377000000000165e-03
-2.159418000000000188e-03
-2.159466000000000076e-03
-2.149223999999999926e-03
-2.138742999999999807e-03
-2.151196000000000184e-03
-2.158647999999999990e-03
-2.137636999999999957e-03
-2.126722000000000161e-03
-2.153743999999999971e-03
-2.163744999999999905e-03
-2.145955000000000171e-03
-2.125039000000000008e-03
-2.137155999999999865e-03
-2.148550999999999846e-03
-2.134608000000000078e-03
-2.127059000000000154e-03
-2.142301000000000101e-03
-2.165331999999999847e-03
-2.146868000000000127e-03
-2.131242000000000206e-03
-2.139944999999999868e-03
-2.159995000000000057e-03
-2.150473999999999875e-03
-2.127059000000000154e-03
-2.133694000000000215e-03
-2.161245000000000006e-03
-2.157301999999999831e-03
-2.139415999999999887e-03
-2.135329000000000046e-03
-2.157974999999999911e-03
-2.162062000000000185e-03
-2.151483999999999949e-03
-2.134895999999999842e-03
-2.152878999999999904e-03
-2.165186999999999841e-03
-2.142830000000000082e-03
-2.130809000000000002e-03
-2.153023000000000003e-03
-2.168553000000000147e-03
-2.151291999999999961e-03
-2.131771000000000187e-03
-2.150715000000000092e-03
-2.163649000000000128e-03
-2.139415999999999887e-03
-2.120182999999999877e-03
-2.139559999999999986e-03
-2.165667999999999933e-03
-2.155475000000000012e-03
-2.124992000000000027e-03
-2.124029999999999842e-03
-2.158984999999999984e-03
-2.163312000000000134e-03
-2.141964000000000107e-03
-2.142108000000000206e-03
-2.159129000000000083e-03
-2.158792000000000089e-03
-2.142301000000000101e-03
-2.137492999999999858e-03
-2.151868999999999831e-03
-2.162254000000000172e-03
-2.138742999999999807e-03
-2.121913999999999918e-03
-2.152878999999999904e-03
-2.164657999999999860e-03
-2.142830000000000082e-03
-2.134271000000000085e-03
-2.142108000000000206e-03
-2.166341000000000013e-03
-2.156387999999999968e-03
-2.132492000000000155e-03
-2.147590000000000002e-03
-2.167111000000000211e-03
-2.158311999999999904e-03
-2.136097999999999903e-03
-2.143454999999999840e-03
-2.165859999999999921e-03
-2.163023999999999936e-03
-2.147973999999999977e-03
-2.137973000000000044e-03
-2.164465999999999873e-03
-2.172831999999999975e-03
-2.144945000000000098e-03
-2.144753000000000111e-03
-2.161292999999999895e-03
-2.166869999999999994e-03
-2.147348999999999786e-03
-2.136963999999999878e-03
-2.158792000000000089e-03
-2.166630000000000118e-03
-2.142974000000000181e-03
-2.130520999999999804e-03
-2.152494000000000022e-03
-2.171629999999999915e-03
-2.157350000000000153e-03
-2.140185000000000178e-03
-2.149800999999999795e-03
-2.163263999999999812e-03
-2.145666000000000066e-03
-2.138983000000000117e-03
-2.148502999999999958e-03
-2.161918000000000086e-03
-2.161292999999999895e-03
-2.142732999999999964e-03
-2.151483999999999949e-03
-2.167543000000000074e-03
-2.159995000000000057e-03
-2.134318999999999973e-03
-2.132443999999999833e-03
-2.152541999999999910e-03
-2.163263999999999812e-03
-2.140617999999999948e-03
-2.124270000000000151e-03
-2.142925999999999859e-03
-2.159995000000000057e-03
-2.139704000000000085e-03
-2.118548999999999953e-03
-2.152589999999999799e-03
-2.158889000000000207e-03
-2.134126999999999986e-03
-2.124992000000000027e-03
-2.140136999999999855e-03
-2.160187000000000045e-03
-2.143551000000000050e-03
-2.136194000000000114e-03
-2.150281999999999888e-03
-2.166966000000000205e-03
-2.163023999999999936e-03
-2.144704999999999789e-03
-2.143646999999999827e-03
-2.155858999999999987e-03
-2.158503999999999892e-03
-2.149994000000000124e-03
-2.141867999999999897e-03
-2.155763000000000210e-03
-2.170235999999999867e-03
-2.149945999999999802e-03
-2.140377000000000165e-03
-2.157061999999999955e-03
-2.164802999999999866e-03
-2.146195000000000047e-03
-2.132108000000000180e-03
-2.143935999999999932e-03
-2.169611000000000109e-03
-2.150473999999999875e-03
-2.133550000000000117e-03
-2.147590000000000002e-03
-2.160379000000000032e-03
-2.150810999999999869e-03
-2.132058999999999951e-03
-2.143022000000000069e-03
-2.165138999999999952e-03
-2.151436000000000060e-03
-2.140136999999999855e-03
-2.135376999999999935e-03
-2.161052000000000112e-03
-2.163841000000000115e-03
-2.140762000000000047e-03
-2.140041000000000079e-03
-2.162399000000000179e-03
-2.171677999999999803e-03
-2.153840000000000181e-03
-2.153985000000000188e-03
-2.158552000000000214e-03
-2.164657999999999860e-03
-2.148455000000000070e-03
-2.133358000000000129e-03
-2.144030999999999802e-03
-2.161965999999999975e-03
-2.151147999999999862e-03
-2.138262000000000149e-03
-2.146435999999999830e-03
-2.165715999999999822e-03
-2.156724999999999962e-03
-2.141964000000000107e-03
-2.147205000000000120e-03
-2.173216999999999857e-03
-2.165812000000000032e-03
-2.142588999999999865e-03
-2.148550999999999846e-03
-2.168648999999999924e-03
-2.169130000000000016e-03
-2.148310999999999971e-03
-2.142301000000000101e-03
-2.165523999999999834e-03
-2.165907999999999809e-03
-2.156485000000000086e-03
-2.137636999999999957e-03
-2.160474999999999809e-03
-2.178072999999999988e-03
-2.154849999999999821e-03
-2.136578999999999996e-03
-2.142108000000000206e-03
-2.168888999999999800e-03
-2.155908000000000217e-03
-2.131385999999999871e-03
-2.135713999999999928e-03
-2.165523999999999834e-03
-2.168072000000000055e-03
-2.136290999999999798e-03
-2.150473999999999875e-03
-2.176438000000000157e-03
-2.173842000000000049e-03
-2.147108999999999910e-03
-2.146340000000000053e-03
-2.171197000000000144e-03
-2.174995999999999787e-03
-2.148695999999999853e-03
-2.137684999999999846e-03
-2.158937000000000096e-03
-2.177207000000000014e-03
-2.151339999999999850e-03
-2.142253000000000213e-03
-2.158071000000000121e-03
-2.169611000000000109e-03
-2.154609000000000038e-03
-2.139223999999999900e-03
-2.151291999999999961e-03
-2.164370000000000096e-03
-2.150523000000000105e-03
-2.136675000000000206e-03
-2.154754000000000044e-03
-2.167975999999999844e-03
-2.154272999999999952e-03
-2.144704999999999789e-03
-2.139607999999999875e-03
-2.169082000000000128e-03
-2.174274999999999819e-03
-2.150473999999999875e-03
-2.143982999999999913e-03
-2.158937000000000096e-03
-2.168264000000000042e-03
-2.148213999999999853e-03
-2.142445000000000200e-03
-2.166773999999999784e-03
-2.168361000000000160e-03
-2.142059999999999884e-03
-2.140041000000000079e-03
-2.164802999999999866e-03
-2.176870999999999928e-03
-2.155667000000000000e-03
-2.140617999999999948e-03
-2.158695999999999879e-03
-2.170956999999999835e-03
-2.155090000000000131e-03
-2.138118000000000050e-03
-2.147686000000000213e-03
-2.168793000000000023e-03
-2.166244999999999803e-03
-2.150233999999999999e-03
-2.146676000000000140e-03
-2.167398999999999975e-03
-2.159995000000000057e-03
-2.150762999999999980e-03
-2.153791999999999859e-03
-2.182448999999999934e-03
-2.164994999999999854e-03
-2.155570999999999789e-03
-2.154080000000000057e-03
-2.171390000000000039e-03
-2.164178000000000109e-03
-2.147397000000000108e-03
-2.147734000000000101e-03
-2.165667999999999933e-03
-2.165138999999999952e-03
-2.148455000000000070e-03
-2.142108000000000206e-03
-2.152302000000000035e-03
-2.169466000000000103e-03
-2.153311000000000201e-03
-2.136290999999999798e-03
-2.144848999999999888e-03
-2.165428000000000058e-03
-2.159273000000000182e-03
-2.130905000000000212e-03
-2.141291000000000028e-03
-2.171053000000000045e-03
-2.163023999999999936e-03
-2.150954999999999968e-03
-2.155427000000000124e-03
-2.174610999999999905e-03
-2.171197000000000144e-03
-2.143309999999999833e-03
-2.136770999999999983e-03
-2.168793000000000023e-03
-2.169514999999999898e-03
-2.154946000000000032e-03
-2.156485000000000086e-03
-2.176726999999999829e-03
-2.179130999999999950e-03
-2.146916000000000015e-03
-2.140857999999999824e-03
-2.160860000000000124e-03
-2.178938000000000055e-03
-2.157927000000000022e-03
-2.145906999999999849e-03
-2.152638000000000121e-03
-2.167111000000000211e-03
-2.153070999999999891e-03
-2.148742999999999834e-03
-2.155763000000000210e-03
-2.167688000000000080e-03
-2.159081000000000194e-03
-2.142925999999999859e-03
-2.152302000000000035e-03
-2.183072999999999785e-03
-2.174274999999999819e-03
-2.145569999999999856e-03
-2.148213999999999853e-03
-2.176678999999999940e-03
-2.184900000000000037e-03
-2.154946000000000032e-03
-2.146676000000000140e-03
-2.176341999999999947e-03
-2.177255999999999810e-03
-2.156292000000000191e-03
-2.148599000000000168e-03
-2.171293999999999828e-03
-2.180333000000000011e-03
-2.149128000000000149e-03
-2.144945000000000098e-03
-2.168745000000000134e-03
-2.189949000000000062e-03
-2.161147999999999889e-03
-2.143503000000000162e-03
-2.158456000000000003e-03
-2.177207000000000014e-03
-2.171005000000000157e-03
-2.153743999999999971e-03
-2.160474999999999809e-03
-2.185476999999999906e-03
-2.179612000000000042e-03
-2.163120000000000147e-03
-2.163071999999999825e-03
-2.180188999999999912e-03
-2.186439000000000091e-03
-2.166388999999999902e-03
-2.165043000000000176e-03
-2.184852000000000148e-03
-2.189660999999999864e-03
-2.175044000000000109e-03
-2.164273999999999885e-03
-2.175765000000000077e-03
-2.184997000000000154e-03
-2.164562000000000083e-03
-2.158408000000000115e-03
-2.163360000000000023e-03
-2.181245999999999966e-03
-2.178025000000000100e-03
-2.152638000000000121e-03
-2.151580000000000159e-03
-2.187736999999999928e-03
-2.180380999999999899e-03
-2.162639000000000054e-03
-2.161676999999999869e-03
-2.185476999999999906e-03
-2.179467000000000036e-03
-2.160090999999999834e-03
-2.167880000000000067e-03
-2.180861999999999992e-03
-2.187544999999999941e-03
-2.165138999999999952e-03
-2.166388999999999902e-03
-2.184179000000000068e-03
-2.189228000000000094e-03
-2.162157999999999962e-03
-2.160908000000000013e-03
-2.183890999999999871e-03
-2.187112000000000171e-03
-2.166149000000000026e-03
-2.148599000000000168e-03
-2.169514999999999898e-03
-2.181727000000000059e-03
-2.158311999999999904e-03
-2.151147999999999862e-03
-2.161581000000000093e-03
-2.185332999999999807e-03
-2.164562000000000083e-03
-2.144945000000000098e-03
-2.153503000000000188e-03
-2.179659999999999931e-03
